241157  
233477  
241163  
220683  
241161  
241175  
220187  
294428  
222746  
223258  
295455  
233503  
222239  
295448  
220189  
294426  
223267  
223266  
288295  
223270  
222246  
292386  
288300  
295471  
295465  
218675  
233522  
200759  
295475  
247871  
200767  
247870  
295481  
199747  
300612  
300613  
300622  
235597  
222298  
233055  
236125  
289893  
302182  
296545  
225892  
296547  
299124  
299125  
299127  
232567  
227957  
299123  
233082  
222329  
233086  
288389  
233096  
288911  
293524  
225943  
295057  
222363  
293533  
236191  
298137  
225949  
293530  
223911  
223908  
223914  
223917  
295092  
206002  
242866  
242865  
301244  
208058  
301246  
248511  
242879  
227007  
208062  
301242  
206022  
235716  
209099  
295119  
248551  
222443  
232685  
298219  
209144  
201471  
201470  
209148  
209157  
233738  
296205  
296206  
235791  
233742  
296202  
224531  
290581  
209169  
209175  
288017  
235803  
235802  
290589  
234783  
290584  
209180  
234786  
234790  
209190  
209189  
246059  
227113  
209192  
288553  
225587  
213811  
208690  
225585  
225072  
208688  
213815  
289074  
219961  
294200  
209214  
225091  
240963  
289092  
289094  
197447  
234827  
197450  
209224  
225102  
295753  
299851  
219987  
207186  
234833  
225105  
234832  
298327  
196951  
207188  
234842  
196954  
234851  
196963  
296806  
234853  
287586  
233835  
209259  
232815  
296808  
232814  
209262  
235373  
214899  
290164  
294261  
214901  
206709  
296828  
296827  
209283  
206721  
209287  
296832  
199045  
216970  
206729  
209294  
223123  
218003  
292756  
216978  
292757  
292246  
300944  
300945  
223647  
292248  
292761  
292250  
201635  
216997  
201636  
217002  
298415  
241071  
225199  
295848  
206766  
245677  
225207  
298416  
289201  
291251  
224187  
290236  
206778  
290237  
290239  
224191  
302522  
206786  
246721  
224193  
300999  
290247  
246724  
245700  
288195  
222155  
246729  
222159  
223183  
296904  
223182  
222157  
296906  
200657  
222167  
245210  
215002  
223193  
245209  
226783  
222174  
296922  
222179  
222178  
211431  
222187  
203755  
235503  
224751  
218095  
224748  
211443  
218097  
293878  
292855  
241143  
245750  
241145  
291326  
235519  
292857  
245245  
222205  
292858  
245244  
