312730  
382620  
312731  
382621  
312728  
382622  
382623  
210190  
312734  
382616  
210191  
210188  
210178  
382613  
225730  
382614  
210176  
382615  
210182  
140800  
312724  
191325  
312713  
312712  
312718  
105106  
312716  
225746  
140821  
244881  
382592  
312710  
334786  
334784  
312766  
191328  
244922  
244923  
225785  
244926  
334825  
105148  
312739  
312741  
225679  
312798  
225678  
312797  
312794  
140877  
312792  
140879  
140889  
225694  
382665  
382664  
312782  
225692  
382666  
140892  
225688  
225687  
140883  
225682  
225680  
225681  
140907  
225711  
225705  
140911  
225707  
225701  
382706  
225700  
382704  
225703  
105192  
225697  
225696  
140903  
105197  
225698  
334761  
225724  
140920  
334765  
382702  
334766  
334752  
334755  
140912  
105214  
225713  
210291  
140917  
334758  
105213  
210307  
210305  
140935  
225600  
334676  
225606  
210308  
334672  
244744  
225608  
140937  
140938  
122562  
191446  
191447  
140950  
210320  
210324  
244759  
140956  
191455  
191452  
140958  
210334  
191450  
191451  
140955  
210337  
244769  
156258  
191456  
191471  
191476  
210352  
191478  
191472  
191473  
210358  
244789  
191474  
244788  
210360  
140990  
191484  
140991  
191480  
140986  
140992  
312661  
210371  
210369  
244812  
312671  
312666  
141004  
244811  
312664  
382531  
382533  
382535  
382536  
191386  
225566  
382537  
382538  
382540  
244838  
244839  
210404  
210406  
382582  
312701  
244846  
382587  
244847  
382586  
191403  
244844  
244842  
382590  
382589  
244855  
312676  
225589  
122555  
225585  
312673  
225587  
191417  
191420  
312457  
105360  
141080  
141077  
141075  
294981  
141070  
105351  
141071  
245129  
225483  
141069  
245128  
209931  
105348  
141066  
141067  
245134  
105346  
105344  
225477  
245127  
191040  
209924  
209925  
209926  
209927  
122741  
191102  
245177  
105399  
105392  
122739  
245183  
105405  
312480  
105407  
105381  
105380  
141102  
225518  
225517  
105389  
191078  
225506  
141095  
105385  
209958  
225510  
209957  
105386  
245214  
245215  
141145  
245212  
245213  
334477  
245210  
225432  
245208  
141138  
245204  
141143  
210000  
122654  
312540  
209997  
141128  
225423  
245196  
105408  
225417  
294936  
225413  
225409  
312528  
312529  
245244  
191034  
245245  
245238  
245239  
141173  
245233  
191030  
122656  
191019  
245231  
191016  
191017  
245226  
245221  
122665  
122666  
245217  
245219  
245218  
334400  
141203  
312327  
141214  
245019  
141215  
245018  
312330  
334415  
105236  
122834  
420738  
295119  
225344  
225345  
122830  
225346  
105226  
312341  
105224  
312343  
312342  
312345  
225352  
245003  
312347  
312349  
312348  
312351  
245005  
351911  
225395  
105277  
225399  
334446  
105269  
334447  
351918  
334444  
225400  
334445  
225407  
105265  
105264  
141221  
225378  
245025  
245026  
334451  
334449  
141229  
225391  
210132  
105307  
105306  
312391  
225296  
105310  
245074  
105309  
105308  
312399  
245084  
312392  
191133  
312394  
334350  
105301  
105290  
141249  
312407  
334355  
141248  
105294  
225281  
295058  
334359  
105282  
245070  
225292  
225290  
312417  
210174  
334378  
191163  
334376  
122793  
105320  
122792  
295092  
334391  
225314  
225315  
191146  
122787  
334393  
334392  
141293  
122789  
313276  
313268  
245415  
313270  
313265  
313261  
155899  
313256  
313249  
155894  
313242  
382096  
313236  
334289  
382089  
382088  
382091  
382090  
382093  
382092  
382095  
382080  
245392  
210795  
210796  
210797  
245485  
210799  
190756  
295728  
121900  
245473  
210787  
210788  
190752  
190753  
190755  
210809  
210801  
210805  
245492  
226230  
210762  
226190  
190726  
382160  
121865  
190723  
382161  
190751  
382157  
382156  
226201  
210783  
210782  
210781  
210780  
210771  
210770  
313281  
226159  
295931  
245303  
226164  
226160  
245308  
245306  
313115  
334144  
334149  
155684  
334134  
155682  
155681  
334141  
382079  
245355  
334138  
295841  
87354  
295849  
295851  
155652  
155649  
155650  
245327  
155669  
245329  
155668  
210896  
155676  
313007  
313006  
312999  
245684  
312998  
245685  
245681  
122208  
245676  
226030  
226029  
122211  
226028  
245674  
122217  
226019  
226017  
312975  
226005  
382338  
382342  
245647  
245640  
312981  
122190  
225976  
245755  
245756  
245757  
245758  
295456  
313063  
313061  
225973  
295482  
225955  
245729  
295474  
245728  
295479  
225944  
245726  
225948  
333956  
245713  
225941  
225942  
295449  
225929  
225931  
245705  
245710  
295455  
156041  
245709  
156038  
245703  
190464  
225927  
245700  
245557  
245559  
225894  
225895  
225892  
225891  
140713  
190698  
225898  
225885  
225887  
225861  
312849  
225859  
190667  
190669  
190671  
140788  
190646  
190647  
140789  
190644  
245619  
245621  
245623  
245625  
140797  
382317  
225850  
140798  
140799  
190650  
382312  
245629  
382313  
245628  
245631  
245630  
312945  
382327  
312949  
382329  
382328  
140761  
225822  
382295  
382294  
225793  
382292  
382291  
382290  
225797  
382289  
225799  
225806  
106185  
121353  
106184  
121354  
311764  
192256  
106187  
209218  
311763  
106191  
311760  
209217  
121344  
121345  
311775  
243919  
121347  
121348  
121349  
311768  
243924  
192279  
106205  
243921  
106193  
296204  
296202  
311755  
192288  
381680  
366135  
366134  
296253  
209260  
209261  
366138  
209263  
139886  
192301  
296251  
192303  
209269  
296228  
192305  
106234  
121402  
366115  
296230  
192307  
121406  
209267  
106236  
106237  
311784  
296234  
381677  
209154  
106125  
226755  
106124  
209152  
121422  
226753  
209158  
121416  
121417  
226757  
209156  
106117  
106116  
106113  
106140  
106141  
139799  
192341  
106142  
106143  
226778  
381581  
121429  
106132  
381580  
226779  
226776  
121430  
121425  
381577  
226782  
106129  
226780  
381579  
209180  
381578  
106131  
381620  
209186  
209189  
209190  
226791  
209191  
209192  
226793  
121444  
226794  
192360  
226796  
121443  
226799  
106174  
121470  
106168  
106166  
226809  
209211  
106164  
106165  
209215  
139979  
192393  
106050  
106051  
311642  
121479  
311641  
139982  
121481  
121483  
121484  
209344  
139992  
226591  
226590  
311628  
226588  
106069  
226586  
311624  
311622  
226582  
139986  
226581  
226580  
311616  
192404  
381563  
192425  
192424  
192427  
226600  
192428  
226602  
243810  
192423  
226595  
192440  
209404  
192441  
226623  
106103  
106102  
106101  
209403  
106107  
226612  
106105  
106110  
121541  
209291  
311578  
311577  
121543  
121542  
139913  
209295  
121537  
209293  
226636  
311580  
209283  
139910  
311568  
209286  
311574  
311562  
121557  
121558  
209305  
121559  
226653  
209308  
311554  
106013  
311555  
106012  
226641  
311552  
121563  
311609  
311613  
121571  
121569  
209315  
106038  
106036  
106035  
106033  
106032  
209328  
106047  
209329  
209333  
106040  
311495  
244180  
244178  
244179  
106460  
311501  
311502  
106454  
140127  
226457  
106455  
226437  
226436  
244164  
244163  
311504  
208961  
226434  
244160  
106435  
106433  
208968  
106439  
244170  
244169  
140147  
106490  
244215  
244208  
106492  
244209  
311522  
106493  
157622  
244220  
226494  
244221  
226495  
244223  
244216  
244217  
311543  
106472  
311540  
311550  
244205  
311548  
244201  
311546  
244202  
226512  
381829  
226515  
208917  
157651  
208916  
208919  
226520  
381839  
244123  
208920  
244127  
140038  
208896  
140039  
381847  
226498  
140034  
244103  
381855  
244105  
381849  
208944  
311456  
244157  
244158  
208956  
140068  
244129  
208931  
244128  
244131  
244130  
208934  
106409  
244133  
140065  
208935  
208932  
106411  
106410  
244134  
208938  
208937  
208943  
157674  
209116  
244063  
311372  
381770  
311373  
311374  
381768  
381769  
335371  
335372  
209112  
381762  
244054  
244053  
244052  
381766  
244051  
381767  
244050  
244049  
381765  
244048  
209101  
209100  
244044  
244040  
209099  
244041  
244039  
209095  
244036  
244034  
311377  
335402  
244093  
335403  
311407  
381802  
244095  
381803  
335406  
209144  
209145  
244085  
335395  
209140  
209139  
244076  
209135  
209134  
244078  
209133  
209129  
209128  
226342  
244068  
244069  
381811  
192166  
244066  
311409  
296137  
121814  
121815  
296139  
226395  
243993  
209050  
192223  
209051  
106258  
106257  
243996  
106256  
226385  
381700  
121820  
311299  
226386  
121818  
226389  
192209  
226388  
243978  
243976  
140169  
192203  
243970  
121806  
121805  
192193  
243975  
226374  
226426  
209081  
381736  
381737  
244031  
381739  
381732  
226419  
226417  
381731  
209065  
296190  
381753  
381752  
296189  
209059  
209058  
209057  
209056  
296182  
209063  
192226  
192225  
335285  
335286  
139362  
227237  
227239  
209767  
381182  
105702  
227243  
105701  
209771  
139370  
139383  
244464  
139380  
139378  
244471  
244468  
312301  
209791  
227263  
105677  
139334  
312273  
227205  
105675  
244425  
244424  
244429  
139349  
105692  
105693  
227222  
209751  
244436  
381121  
312263  
381120  
244438  
227221  
381122  
244440  
105684  
139356  
105686  
209752  
312268  
139299  
105641  
105640  
209703  
296817  
244385  
296829  
120930  
120931  
312254  
296830  
120929  
381118  
381119  
296827  
120932  
296826  
381117  
296804  
191857  
209717  
296806  
139313  
312224  
296802  
139317  
191865  
227327  
139327  
296809  
139264  
381072  
335315  
105611  
335318  
335319  
244352  
139269  
335316  
335323  
312223  
335320  
312221  
139277  
139278  
139279  
105606  
156878  
244372  
139283  
244368  
139285  
244371  
381062  
139289  
139291  
139293  
335311  
335310  
312201  
105574  
227112  
335164  
105575  
227113  
105572  
105573  
209901  
105570  
105571  
227117  
244322  
121007  
244323  
244326  
312181  
227109  
244324  
209895  
105576  
227110  
209894  
227111  
209912  
312169  
105590  
105589  
209915  
191935  
312171  
227133  
209917  
244350  
244349  
312160  
105599  
191925  
105597  
312163  
105596  
105595  
227125  
105594  
105593  
209866  
209865  
209864  
105543  
296862  
312145  
209863  
105545  
105546  
105559  
139480  
244317  
312143  
209874  
209875  
296833  
296832  
227088  
380992  
209879  
227094  
209837  
380985  
209839  
209833  
139438  
380990  
209834  
209829  
139426  
105515  
312119  
296944  
380983  
380982  
296946  
296941  
105523  
209853  
139448  
244285  
244284  
244283  
244282  
105526  
296939  
105525  
244279  
209845  
105530  
209846  
227185  
244274  
335195  
335194  
335193  
335192  
296922  
105478  
105479  
139393  
296919  
191938  
105482  
139397  
296914  
105484  
335190  
209793  
105486  
312080  
105487  
296911  
380936  
296905  
296904  
209817  
139409  
139410  
209810  
139413  
209809  
191543  
312034  
226992  
226993  
296486  
296487  
296490  
227000  
227006  
227007  
227004  
296497  
226982  
139628  
226986  
226991  
139626  
209489  
226960  
191508  
381382  
226961  
226963  
312005  
244695  
381376  
139613  
226972  
139609  
381384  
244678  
191490  
209484  
209487  
311974  
296548  
296546  
296545  
121201  
381355  
227068  
296554  
311990  
209446  
244645  
311989  
381363  
139556  
244641  
381364  
227043  
209440  
244643  
227041  
381367  
121184  
381369  
381371  
311994  
311992  
381375  
227030  
227026  
311948  
296527  
244637  
311945  
209412  
227013  
227012  
209413  
209414  
244612  
209415  
244611  
227009  
244610  
209410  
244609  
244608  
209411  
311965  
227022  
227017  
209417  
311961  
121268  
105845  
226875  
226874  
226873  
121270  
121271  
105846  
226872  
121264  
244605  
226879  
121265  
226878  
244607  
226877  
226876  
121267  
226867  
121277  
226866  
226871  
121273  
226870  
226869  
226868  
121275  
226856  
121255  
121261  
121260  
121257  
105814  
226843  
226842  
121244  
105818  
311878  
105816  
311897  
226826  
311901  
209615  
209614  
86028  
105806  
121229  
121228  
244550  
121226  
226821  
121328  
191739  
121331  
121333  
244539  
244538  
121336  
296677  
209588  
209586  
105789  
381220  
105788  
311840  
311841  
226926  
121315  
296700  
226924  
296698  
311864  
311863  
311862  
311861  
296690  
296688  
139674  
226905  
226907  
311818  
226906  
381186  
381184  
381185  
381190  
226896  
381188  
381189  
381211  
121283  
226893  
311836  
311839  
226895  
226888  
381215  
311833  
121286  
381214  
311832  
226890  
381212  
226891  
311834  
226885  
311831  
121289  
226881  
314626  
227667  
314627  
227666  
227665  
367303  
189394  
227668  
367309  
143004  
227675  
227674  
143005  
367308  
367311  
367305  
367304  
242719  
143002  
367307  
142981  
142980  
367312  
120523  
120517  
189387  
189385  
143028  
143026  
367330  
120566  
212410  
212413  
227680  
158310  
242720  
242721  
158306  
227684  
143011  
227685  
314679  
143009  
227687  
158305  
227690  
367352  
367353  
120473  
367232  
212432  
367241  
227610  
227609  
212423  
314711  
314710  
212431  
189323  
212430  
212429  
314716  
212428  
212427  
314715  
212426  
189325  
189360  
158258  
120507  
189362  
120504  
189363  
158256  
189364  
120510  
189366  
227645  
227644  
120499  
227647  
189370  
227646  
367279  
120502  
189374  
189345  
367283  
189347  
189348  
367284  
367285  
367290  
367288  
189357  
367294  
367295  
189356  
189359  
367292  
242841  
314760  
227806  
212252  
227792  
314753  
189269  
227793  
158416  
242831  
227789  
227788  
242817  
314792  
242872  
242873  
242876  
212287  
227825  
212274  
367205  
212277  
242870  
314789  
212276  
227829  
227830  
314790  
227831  
367231  
332796  
332799  
142890  
227809  
212257  
212258  
212259  
227813  
212260  
212261  
212319  
212318  
297224  
297222  
297220  
297218  
212305  
297242  
297241  
189196  
242885  
189184  
212292  
297237  
242887  
212293  
212290  
242881  
212291  
212288  
242883  
212289  
189189  
142971  
142969  
142968  
242936  
142963  
242933  
212337  
242930  
142967  
142966  
142965  
212332  
212334  
314879  
212330  
212324  
212326  
242917  
120783  
120781  
120780  
189121  
242950  
242951  
189123  
189122  
212107  
242952  
242959  
242963  
242962  
227408  
242967  
314372  
242966  
314374  
143249  
242971  
242970  
314378  
120788  
242975  
120786  
242974  
120785  
189159  
367600  
227432  
297215  
314402  
189174  
367588  
367591  
367590  
314407  
314404  
367586  
367596  
367599  
189178  
143288  
367595  
189176  
120715  
189057  
227333  
227334  
120712  
227328  
120719  
189060  
227329  
120718  
189063  
120717  
120716  
189065  
189064  
189067  
189066  
143304  
189068  
332288  
189072  
314436  
189073  
120728  
189075  
314439  
332293  
189077  
314433  
189079  
120722  
189081  
120720  
189083  
120726  
189084  
120727  
189085  
189086  
120725  
189089  
349946  
227372  
297127  
297131  
297130  
189116  
189117  
227529  
189004  
143119  
120647  
143116  
189006  
189000  
189002  
189003  
227521  
120654  
314512  
314513  
120652  
188998  
314514  
143109  
314516  
120650  
143107  
314517  
188994  
211993  
211992  
314511  
314510  
211998  
189013  
211987  
189015  
189014  
143121  
158672  
189010  
143148  
243113  
212010  
212011  
143150  
143151  
212014  
243117  
243116  
143147  
243107  
212000  
314544  
243109  
212006  
367472  
189055  
212027  
212026  
212025  
243131  
212031  
189051  
243132  
143161  
243133  
243134  
212019  
143156  
212017  
189045  
189044  
143152  
243125  
143155  
212020  
227469  
143179  
243150  
243149  
227471  
227470  
243148  
243147  
227464  
188942  
227467  
227466  
188943  
227461  
212037  
227460  
227463  
227462  
143195  
227485  
227486  
188955  
227487  
243162  
188957  
227480  
227481  
188959  
243160  
227482  
243161  
227479  
212048  
143189  
243152  
227474  
227475  
120608  
188970  
120609  
188971  
243183  
188974  
188975  
227498  
188972  
227496  
188962  
227494  
188960  
227493  
227492  
227489  
120625  
120627  
188991  
243192  
243193  
243194  
243195  
120635  
243184  
120636  
227504  
212916  
228213  
228212  
212918  
228215  
212919  
142518  
243251  
212912  
228209  
142519  
212913  
228211  
212915  
228210  
142522  
228220  
212927  
212921  
228219  
212901  
243238  
243239  
212900  
212903  
243237  
212897  
212899  
243232  
212909  
212908  
212911  
212910  
212905  
243242  
243243  
212907  
243218  
243227  
212866  
212864  
243214  
243208  
188852  
297891  
212979  
243319  
243323  
243322  
243321  
119989  
243327  
119984  
119983  
228128  
119975  
142574  
142573  
315261  
228115  
228114  
228113  
228112  
228117  
228116  
228123  
119957  
243291  
243292  
228098  
119949  
119948  
228096  
119945  
243270  
119947  
243271  
243272  
366748  
366749  
228104  
228110  
243276  
228111  
243278  
243390  
315309  
243391  
315308  
366696  
315305  
119926  
315304  
315307  
315306  
212789  
212788  
243380  
188787  
188786  
243378  
315299  
315298  
332280  
188779  
119910  
315320  
212776  
332285  
188782  
297843  
212766  
228314  
315275  
228315  
228310  
188752  
228304  
228303  
188746  
315294  
315295  
188747  
188750  
212744  
188749  
228294  
212740  
212738  
243329  
315282  
243328  
142453  
243444  
142449  
142448  
142446  
228264  
142443  
142440  
119841  
228257  
212832  
243425  
212834  
228259  
212837  
243416  
228250  
243421  
243408  
228242  
243409  
243411  
243413  
228245  
243404  
243407  
243393  
243395  
119818  
188642  
142755  
314931  
212662  
227959  
227958  
227957  
142770  
142771  
212666  
227963  
227962  
227961  
212612  
314903  
331859  
188611  
331861  
212609  
331862  
212610  
188617  
188618  
188621  
142735  
142734  
188623  
142738  
212628  
188626  
142736  
188628  
142740  
188630  
142744  
212704  
120229  
120225  
212719  
120227  
212726  
243581  
120203  
227846  
227850  
243528  
142795  
243534  
227852  
227853  
243533  
120222  
227859  
331783  
120221  
142803  
120216  
212696  
212698  
212699  
120210  
212700  
212701  
212702  
243629  
243628  
243631  
228076  
228074  
243621  
120171  
243617  
228065  
228095  
243645  
243647  
228090  
228091  
212537  
228088  
228089  
243636  
212534  
158193  
243637  
212532  
158195  
212531  
243633  
142603  
228047  
188490  
158153  
228041  
188492  
142604  
188494  
188480  
158147  
188481  
158146  
158145  
188482  
243585  
243614  
188505  
243615  
188504  
243612  
243613  
228056  
243611  
243606  
158160  
188498  
188501  
188503  
212586  
142700  
158125  
158124  
120096  
228015  
142696  
158121  
212591  
158120  
158123  
212589  
142699  
158117  
120109  
142695  
212582  
228005  
158115  
212602  
158141  
142719  
212601  
212600  
188473  
188472  
228018  
212595  
158132  
120124  
212594  
142708  
228022  
243700  
158129  
142707  
243702  
142706  
158131  
227977  
227971  
212550  
227975  
243652  
158110  
120086  
120085  
120084  
158109  
158106  
212572  
142678  
243667  
158100  
142677  
158101  
142676  
158098  
142675  
211423  
211420  
211421  
119443  
190366  
313675  
211416  
159263  
190365  
159262  
313670  
313669  
119453  
333595  
368280  
228620  
368283  
333592  
368284  
368285  
368286  
142017  
159232  
241734  
313681  
142074  
142075  
298415  
228671  
190397  
142076  
142066  
142067  
142064  
333603  
211440  
142069  
211436  
119457  
211433  
211432  
211435  
313723  
211429  
211428  
298416  
298417  
313715  
211427  
159269  
119508  
211355  
119509  
211358  
211359  
190422  
49626  
190420  
313600  
313601  
211337  
228685  
211331  
141957  
228674  
228675  
228672  
228678  
228679  
159359  
211386  
228731  
159357  
211387  
211388  
159355  
241726  
211391  
159352  
159350  
211377  
241712  
211382  
241716  
159342  
241707  
190441  
190440  
241708  
190442  
190437  
159334  
159332  
119531  
190435  
211287  
241876  
241877  
159379  
241879  
211284  
241873  
119327  
190235  
190233  
241856  
141895  
211278  
228751  
211276  
241865  
190222  
159372  
241866  
211313  
211312  
159423  
141926  
141925  
228783  
159444  
313733  
159443  
313737  
313743  
313741  
313746  
141828  
141829  
298327  
159425  
298325  
190273  
298331  
119364  
298330  
159436  
298329  
159433  
298334  
298333  
241847  
228837  
141856  
241833  
298140  
190089  
142283  
211151  
142286  
190095  
142284  
190081  
298133  
142272  
190087  
211158  
242028  
242029  
242024  
228394  
119716  
228393  
242021  
142309  
368555  
298156  
242037  
298149  
368547  
368549  
242033  
142222  
368604  
119748  
190154  
190149  
190148  
142212  
119756  
313352  
142239  
142235  
368585  
368584  
368577  
298234  
298232  
298233  
119789  
142245  
142244  
298227  
119790  
142241  
298231  
298228  
142243  
298229  
298219  
313386  
190206  
190204  
313384  
313390  
298222  
298221  
368615  
368614  
313382  
313380  
313559  
313565  
313562  
313540  
189975  
242140  
189990  
189991  
189988  
189989  
189992  
119587  
119589  
119609  
159666  
119611  
119613  
119612  
119615  
88754  
190021  
190023  
119620  
190024  
119618  
119619  
333508  
142101  
159697  
190045  
190062  
142124  
190063  
190060  
313534  
190071  
142133  
190070  
142132  
88831  
142135  
190079  
142140  
190078  
189880  
189876  
189874  
189875  
189869  
189852  
229137  
229143  
118917  
118916  
118919  
118918  
118913  
118912  
118915  
118925  
118924  
118926  
118921  
118923  
211908  
211901  
229244  
189949  
158835  
88443  
158838  
158837  
189904  
141449  
141448  
314337  
229297  
314336  
314343  
314342  
314345  
229305  
189756  
242427  
189759  
229306  
88502  
314349  
229309  
141414  
141412  
141413  
141410  
141416  
141417  
141396  
229267  
141405  
118801  
118800  
211778  
118796  
211779  
242371  
211776  
211777  
141376  
242373  
314326  
314327  
242375  
158861  
242377  
141388  
141389  
118789  
314331  
158863  
141391  
314334  
158859  
141386  
141363  
211765  
141362  
211767  
314279  
211761  
118911  
118910  
211763  
141364  
189814  
141371  
314285  
141369  
211775  
141375  
314281  
211769  
118902  
314280  
211771  
141372  
211770  
314293  
314294  
298877  
314300  
211756  
298876  
314301  
211757  
211759  
314296  
211752  
314297  
298875  
141356  
211754  
211755  
242324  
211733  
189776  
242320  
211731  
211730  
242322  
211728  
242328  
141341  
242330  
242309  
189762  
189763  
189760  
242311  
229316  
189761  
189767  
242317  
189770  
242319  
211724  
211725  
189774  
229322  
189775  
189772  
211721  
189773  
141806  
242540  
242542  
119202  
228902  
228900  
141816  
141817  
119230  
189618  
189617  
119175  
189577  
119183  
211651  
211653  
211675  
211676  
211677  
189586  
228974  
228972  
211628  
211627  
228970  
242472  
242473  
228966  
189671  
242464  
228989  
159088  
242446  
119232  
242445  
119239  
189645  
189644  
119237  
189646  
119243  
119241  
189637  
189636  
119245  
189657  
189658  
141724  
242457  
119258  
189650  
119256  
119257  
119262  
242451  
141719  
189654  
119260  
242449  
242448  
242657  
242673  
189493  
229046  
298532  
229050  
229048  
119095  
229049  
229054  
314064  
314068  
314071  
242635  
242634  
159117  
189460  
242643  
189459  
242650  
332940  
211544  
211547  
332942  
242649  
332937  
189465  
242654  
242652  
189538  
229103  
229098  
333030  
119166  
242620  
189560  
159228  
159230  
229061  
333012  
229059  
229058  
333015  
333017  
333018  
333019  
333021  
242582  
211476  
242583  
211478  
119123  
211481  
211480  
119125  
333006  
211482  
195199  
241083  
378792  
221427  
221425  
241064  
145197  
316603  
241065  
145196  
316602  
241066  
145198  
145193  
241068  
241069  
145195  
241071  
221410  
145189  
316595  
299123  
145188  
221408  
221409  
299126  
241061  
221407  
205833  
205832  
205836  
316561  
195140  
241027  
221378  
378771  
205829  
221380  
241030  
378769  
221382  
241028  
145153  
145272  
145273  
378858  
145274  
378859  
221371  
241145  
145278  
145265  
241140  
241143  
118589  
145269  
205936  
205934  
205933  
205932  
205931  
378865  
205927  
145248  
205925  
195104  
205924  
241120  
378870  
145242  
145240  
205919  
145246  
145247  
195101  
145245  
145234  
145235  
241109  
145232  
118558  
118559  
145239  
145236  
241104  
145237  
205901  
241102  
145227  
145226  
378841  
378847  
145230  
145229  
205899  
145228  
145219  
205893  
145218  
205895  
205894  
378838  
221313  
378837  
330343  
206001  
378657  
316462  
316461  
330344  
378676  
316466  
145316  
240931  
145319  
145312  
221286  
378684  
221289  
240938  
378680  
378682  
361467  
378630  
240918  
240919  
145298  
145297  
378624  
299207  
145296  
145311  
316431  
378646  
145286  
145284  
316435  
378642  
378643  
316437  
145280  
378641  
145294  
221256  
145290  
378721  
378723  
378729  
378731  
378732  
378735  
378736  
221223  
378738  
424954  
378741  
145382  
221217  
221216  
206060  
330296  
145387  
206058  
145388  
206056  
221225  
206057  
378690  
378689  
145361  
240981  
145365  
240976  
378699  
221212  
378698  
378707  
195201  
195202  
378705  
378710  
240963  
378711  
145351  
145348  
221672  
240810  
221673  
240811  
330751  
221676  
221678  
221665  
118381  
221668  
240807  
221692  
221681  
195440  
316827  
221642  
195405  
195404  
195403  
118337  
195402  
195400  
195399  
221634  
221632  
221633  
221659  
221658  
424449  
221663  
221662  
118364  
221651  
221650  
221654  
378619  
221608  
330664  
221629  
330665  
195386  
221631  
118326  
195376  
330656  
330659  
348005  
195380  
330661  
206159  
330650  
221581  
330634  
330635  
221596  
330638  
330636  
221593  
330637  
330612  
195556  
195558  
206245  
378416  
221542  
316727  
221545  
221555  
221557  
221558  
330582  
160325  
330583  
330580  
206214  
118473  
160335  
118493  
160336  
330573  
195489  
195493  
221485  
221487  
206314  
206315  
221492  
221494  
221495  
221489  
118461  
221490  
206333  
221496  
118454  
221497  
221446  
221450  
221449  
330499  
221463  
330502  
330507  
118419  
221466  
221464  
221465  
221916  
221919  
118096  
360776  
144668  
194655  
360771  
360774  
118111  
194633  
317084  
194635  
317086  
118087  
194636  
118086  
317080  
221898  
194625  
194624  
194627  
118095  
194629  
194628  
194631  
221890  
221891  
194630  
160249  
160250  
317096  
317094  
317092  
317093  
160245  
194678  
194679  
160247  
194677  
194667  
118112  
144680  
194666  
194665  
144683  
118117  
221928  
118119  
194668  
118121  
194658  
118120  
118123  
194657  
118125  
118127  
194661  
194660  
118036  
194590  
194591  
118032  
329860  
317120  
194580  
317121  
194581  
194582  
329856  
118042  
317124  
221845  
317125  
194579  
221846  
221835  
221836  
118031  
118028  
118027  
241606  
221829  
118024  
118068  
194622  
194620  
118070  
221880  
194618  
118066  
221875  
194614  
194615  
118072  
194608  
118074  
360764  
317179  
360765  
144748  
317178  
360766  
317183  
194603  
194601  
317180  
317171  
118060  
144742  
360898  
221780  
221776  
118238  
221790  
360910  
221764  
360912  
221773  
221775  
221810  
194805  
241469  
221820  
241471  
329842  
118248  
316983  
221798  
221795  
221794  
316976  
221793  
329845  
221792  
194794  
118241  
118243  
329854  
316986  
118245  
118247  
241494  
118170  
316996  
241492  
118168  
160026  
221697  
118156  
221699  
118154  
221701  
221703  
221705  
82949  
221704  
221707  
221706  
118146  
144884  
360870  
221751  
194738  
360876  
360873  
194724  
118184  
317046  
194723  
118186  
317044  
118187  
222158  
222159  
222156  
222157  
222154  
144399  
222152  
222150  
222146  
222144  
222175  
299854  
222174  
194907  
194904  
144411  
299852  
194905  
194910  
222171  
194911  
299849  
194908  
299848  
222168  
144401  
222164  
144403  
299843  
222162  
144405  
222161  
144407  
360570  
206637  
222188  
144426  
222191  
206633  
222184  
360575  
222185  
206634  
241318  
222180  
241319  
222181  
241316  
241314  
222177  
144422  
144421  
222179  
360555  
144442  
360554  
222204  
360552  
360558  
206650  
144445  
206644  
360546  
222196  
222199  
222198  
222193  
360550  
222192  
206642  
206666  
360478  
206665  
222094  
206669  
222093  
144453  
222083  
144455  
222080  
144449  
360464  
206663  
194818  
360460  
360463  
360462  
206686  
144468  
360452  
206672  
360449  
360450  
241386  
222120  
206703  
206689  
206691  
360496  
206694  
360495  
241403  
360494  
144506  
144507  
206710  
360481  
299986  
241152  
299985  
144518  
206721  
144519  
144520  
117952  
195019  
117953  
144521  
360667  
144522  
195022  
241163  
360671  
195020  
241162  
195021  
317190  
222032  
241180  
299982  
144536  
144539  
117973  
117972  
317232  
206766  
222057  
222059  
206773  
317223  
241204  
241202  
241200  
360682  
222076  
206780  
360681  
222073  
206786  
221967  
206799  
221970  
221971  
221968  
206800  
221974  
241238  
241240  
241242  
241250  
241249  
117928  
221991  
241252  
221993  
83260  
222001  
222007  
195005  
222008  
195004  
222010  
117939  
222012  
117938  
195003  
222391  
377826  
240113  
117566  
240115  
222395  
222393  
204902  
117548  
204898  
204897  
204896  
222382  
240109  
222380  
196136  
240105  
222357  
222356  
204893  
222348  
240076  
222351  
222451  
204850  
196212  
196213  
222455  
222454  
196208  
196209  
315557  
222458  
315560  
222463  
315564  
315565  
315571  
222435  
315570  
222438  
315573  
315572  
117610  
315583  
204847  
222421  
161746  
161744  
222424  
196191  
161732  
315543  
204815  
144377  
222271  
144378  
161596  
144369  
205044  
315490  
222256  
315488  
117666  
117668  
117669  
205032  
222248  
222247  
222244  
222242  
222241  
222240  
196249  
222237  
196248  
196250  
222239  
196253  
117658  
196245  
117663  
222224  
222225  
315459  
315484  
222221  
315485  
222220  
315486  
222217  
117638  
222213  
315477  
222214  
222209  
222331  
222335  
222322  
222314  
144302  
315448  
315449  
315454  
315452  
315453  
196326  
204962  
196327  
204966  
315446  
222301  
315393  
315394  
222293  
222294  
222283  
161612  
161611  
222285  
161610  
161608  
315408  
315892  
117290  
315889  
205152  
239840  
239841  
222636  
196395  
196397  
222634  
196398  
222645  
315876  
222644  
117304  
222647  
315879  
117296  
222655  
222654  
315880  
117303  
222598  
196359  
222594  
196358  
222592  
222593  
196356  
196363  
222606  
196362  
196361  
196360  
196365  
222621  
205148  
222620  
222619  
82839  
205147  
239778  
239782  
331760  
117352  
331773  
117351  
196460  
205101  
222702  
222707  
222706  
196464  
222709  
331746  
196466  
196476  
331757  
117362  
117363  
82931  
117360  
239745  
239747  
315799  
82890  
239749  
239750  
315797  
239751  
331743  
331741  
239755  
205071  
222670  
239757  
239759  
196438  
239760  
239763  
196437  
222686  
239774  
196526  
161313  
205309  
315757  
205311  
205310  
161342  
196543  
205307  
315755  
205306  
161341  
347105  
196531  
196533  
222512  
222513  
196534  
196488  
222475  
222474  
222472  
222471  
222469  
222468  
239683  
205249  
196485  
377408  
315716  
222482  
222480  
222481  
196588  
222569  
205225  
315705  
196590  
222571  
117476  
239657  
196591  
315707  
196584  
196585  
205229  
300529  
196581  
300528  
205217  
300531  
205221  
315701  
222567  
377392  
315689  
196605  
205241  
205240  
196604  
205243  
196601  
205244  
196603  
205235  
239664  
205237  
205236  
222582  
239668  
196594  
222539  
196558  
205194  
196556  
205192  
196557  
196554  
205198  
222542  
205196  
222541  
239617  
315667  
144006  
239618  
239621  
205190  
205191  
222534  
205188  
205189  
222555  
196571  
196570  
205214  
196568  
205212  
196563  
196561  
222867  
222871  
222873  
222878  
316113  
316112  
425308  
425307  
143681  
195587  
316119  
143680  
316118  
205387  
205389  
195638  
316130  
82111  
316131  
195634  
143728  
82106  
143729  
195646  
195647  
143713  
222887  
143712  
143725  
143724  
195630  
143727  
195629  
143721  
195626  
143722  
300613  
222933  
300612  
117083  
300615  
222929  
117086  
222941  
300623  
222943  
222942  
300617  
195676  
222937  
205316  
205319  
205313  
205312  
222914  
205315  
222924  
222926  
222927  
205321  
205320  
222922  
316070  
316068  
161269  
161271  
316078  
222975  
316077  
316074  
143677  
143678  
240548  
117097  
222950  
222948  
117098  
222946  
222944  
222945  
117089  
240557  
117091  
316091  
222954  
240554  
195741  
205529  
222746  
195743  
195742  
143830  
143825  
240468  
143824  
143820  
330782  
222731  
240457  
315994  
315996  
222734  
330772  
195716  
195717  
143812  
240448  
330768  
222725  
222727  
240453  
195715  
222778  
205563  
205562  
222776  
205560  
205566  
330792  
316003  
205554  
330785  
316004  
330784  
330814  
205546  
330815  
205547  
222760  
205545  
205550  
222765  
195752  
205548  
330806  
161061  
222753  
222752  
205542  
205470  
195805  
205465  
330817  
205461  
222804  
205463  
195797  
222801  
195796  
205459  
143757  
117233  
117232  
222840  
240436  
240437  
240433  
222832  
222833  
222829  
117223  
361969  
143776  
143777  
361971  
143778  
222819  
117231  
116749  
116748  
116747  
240326  
240328  
240329  
316378  
116743  
223119  
240337  
223123  
240336  
240339  
223127  
240343  
143452  
240345  
223131  
316363  
240347  
361483  
300848  
316401  
116779  
223141  
116773  
240371  
240370  
143474  
240374  
143472  
240373  
240372  
116788  
205691  
300844  
223175  
205574  
205572  
205570  
223182  
223183  
223180  
223178  
223179  
205578  
205576  
223186  
223184  
116817  
143386  
143387  
143393  
223202  
223203  
223212  
316349  
223214  
223215  
143407  
143405  
143410  
223217  
82429  
143412  
223219  
300955  
222987  
300954  
300953  
222991  
222989  
222988  
300945  
222977  
300944  
222983  
222981  
222980  
205791  
143573  
116895  
116903  
223019  
116900  
223021  
116898  
240237  
116896  
205792  
223008  
223013  
223032  
223034  
240242  
223029  
223030  
205710  
223054  
205708  
143498  
223051  
143501  
223049  
143503  
223047  
316180  
316181  
205698  
223041  
143495  
223070  
223071  
196058  
196057  
196056  
301002  
196063  
223066  
205722  
240153  
196060  
143505  
300998  
143504  
300994  
143509  
300995  
143508  
143510  
223057  
205740  
240175  
205742  
240173  
223087  
240172  
223081  
240171  
196077  
240170  
205738  
223083  
196079  
240168  
143522  
205732  
285367  
285366  
285365  
223073  
143524  
223075  
223074  
223102  
425126  
205749  
116987  
240182  
205751  
240180  
205745  
285344  
116989  
240177  
193262  
193263  
223343  
238896  
238898  
193265  
193278  
193277  
223353  
193275  
208062  
162682  
162631  
162628  
162626  
162624  
116676  
238857  
116677  
238862  
208017  
208016  
238870  
238871  
223317  
208023  
208022  
238874  
223270  
208103  
223268  
223266  
238944  
223264  
208104  
208119  
238964  
238966  
116669  
116668  
116656  
116659  
208122  
162622  
208121  
238917  
208070  
223233  
238927  
147411  
238930  
223260  
223257  
223258  
223464  
223462  
380844  
193148  
193146  
223486  
223474  
193140  
85756  
85755  
239031  
223432  
223433  
193103  
116549  
223437  
193099  
223439  
223424  
223425  
223427  
147204  
380818  
223429  
193090  
223431  
193108  
193110  
193104  
193067  
193071  
116521  
193061  
223422  
223419  
193072  
116540  
116480  
116500  
223600  
162422  
116478  
208307  
223603  
162418  
208308  
208313  
208315  
223610  
328553  
223612  
328552  
208319  
328554  
208318  
208288  
208290  
223588  
116454  
116452  
162413  
223597  
116450  
223596  
162410  
116451  
380472  
116448  
162409  
223570  
223568  
223569  
223573  
380431  
193501  
193499  
162373  
208259  
162375  
162374  
380432  
147072  
223559  
162371  
162381  
223562  
380446  
162379  
193457  
208372  
223542  
162352  
193459  
223543  
208369  
162357  
85805  
116386  
223533  
301502  
223529  
193452  
116377  
208338  
380487  
193435  
223512  
193437  
208326  
193410  
208324  
223493  
193408  
223492  
223491  
208320  
223489  
208321  
116354  
223501  
116355  
223500  
223499  
116356  
116357  
223497  
223739  
223743  
223742  
223728  
223731  
193384  
380602  
380600  
380598  
193382  
193377  
193378  
223705  
146975  
223699  
238736  
238739  
193364  
193365  
193360  
116295  
193356  
162504  
193353  
223682  
193351  
193350  
162501  
193348  
301393  
193347  
193346  
193345  
254014  
162491  
238846  
162489  
162495  
162494  
162493  
162492  
238840  
193328  
193329  
208246  
193331  
208247  
193333  
193334  
208242  
208237  
223660  
193323  
208239  
116256  
208238  
193325  
193324  
193326  
223652  
223655  
193306  
223647  
193310  
193308  
223637  
85918  
193300  
193291  
223622  
193282  
193281  
223621  
193287  
223618  
223616  
162115  
208517  
208518  
162112  
162119  
301791  
146830  
146831  
162126  
223818  
239391  
239386  
162140  
162149  
162151  
239405  
162153  
223854  
146859  
146861  
239403  
208567  
146869  
327783  
301792  
301793  
208575  
146873  
146875  
146879  
223745  
223747  
380254  
380252  
380250  
192648  
192650  
345284  
208593  
223763  
223764  
208596  
223767  
223768  
223770  
162077  
162074  
192678  
208611  
192676  
162081  
208614  
162080  
162083  
7150  
223780  
162093  
192687  
192684  
162089  
192682  
162091  
192695  
239474  
162102  
192693  
162103  
192691  
239476  
380257  
192689  
301733  
301738  
162108  
162109  
7152  
192701  
223800  
7155  
301737  
162104  
7157  
223807  
162106  
7159  
192589  
192576  
116046  
223957  
223956  
223959  
162256  
192595  
223953  
192597  
239532  
380345  
116064  
192617  
239534  
223980  
208429  
192623  
208427  
239529  
223979  
208426  
208424  
223974  
208423  
239525  
239526  
116075  
223973  
192614  
208418  
116079  
208416  
116078  
162297  
223999  
116081  
223998  
239548  
162299  
192626  
192624  
239537  
162295  
192629  
115975  
115974  
208461  
115970  
162184  
162185  
239554  
223873  
208451  
208450  
223876  
239558  
223878  
208472  
162207  
162206  
208474  
162203  
162201  
208464  
223888  
208465  
208466  
223893  
115995  
380353  
116005  
208490  
208489  
116007  
239594  
208488  
380409  
239596  
223919  
239598  
223917  
239599  
208492  
192550  
380407  
192548  
208487  
162208  
192547  
239589  
380403  
223931  
208506  
208507  
223928  
239610  
223932  
223920  
380384  
223927  
146802  
380386  
146803  
115928  
115921  
239135  
379917  
379919  
379920  
192960  
192961  
379924  
379926  
379928  
239116  
379930  
192969  
239113  
379933  
239159  
115961  
193011  
239156  
224118  
224119  
115960  
224112  
115966  
193012  
115965  
208829  
115955  
193019  
239164  
115953  
115959  
239162  
115958  
239163  
239160  
239161  
115956  
239143  
239142  
239140  
239139  
115950  
239137  
192998  
192999  
208812  
224109  
239150  
224111  
224110  
208808  
115942  
239147  
193004  
239146  
193005  
208809  
115940  
208811  
115869  
115867  
115866  
208858  
208857  
208862  
208861  
224029  
208832  
379984  
224007  
239177  
224010  
239178  
224049  
192951  
115896  
192957  
115895  
115893  
208891  
208890  
115892  
208893  
208895  
146658  
224045  
224044  
224223  
115792  
224221  
115795  
239257  
208666  
208667  
239259  
224216  
239255  
301888  
224200  
208649  
208646  
208644  
115790  
224252  
208701  
208696  
115831  
208698  
146480  
208688  
208689  
224236  
208687  
224232  
146479  
380083  
224228  
380081  
224224  
380085  
208730  
208728  
224153  
208734  
208735  
115729  
115730  
208733  
208722  
208723  
208720  
208726  
208715  
115713  
146505  
208718  
208707  
224130  
146500  
115727  
146503  
115726  
115721  
208710  
224135  
115720  
208709  
224132  
146499  
208763  
115762  
208765  
115761  
208752  
208753  
208754  
224181  
224168  
208744  
224169  
224170  
192815  
208747  
224171  
208749  
224162  
224164  
115754  
237933  
207086  
115616  
7655  
237931  
7660  
7661  
115627  
7663  
7656  
7657  
7658  
7659  
207103  
207102  
317547  
317545  
237937  
115647  
329240  
7622  
329246  
379741  
329247  
115593  
115598  
115603  
7639  
224285  
194203  
317508  
317505  
7642  
7641  
317503  
207010  
317490  
317493  
379693  
115700  
7604  
379691  
7607  
7609  
115648  
194244  
194245  
379668  
194246  
115678  
115677  
194257  
115675  
115674  
194259  
194083  
194082  
194080  
194087  
317683  
317682  
115503  
115502  
194084  
317695  
194091  
194090  
317693  
194089  
194095  
194094  
115495  
194092  
194098  
194099  
194102  
194103  
194100  
115504  
115506  
194104  
115508  
238073  
194111  
194108  
115511  
115467  
194049  
194048  
224391  
194050  
224397  
224399  
194062  
224405  
115480  
224401  
238047  
194073  
7465  
224480  
7467  
7469  
194158  
194157  
237995  
115552  
7463  
302183  
302181  
302180  
302187  
224510  
302189  
379818  
302188  
163783  
115533  
237958  
7439  
194112  
115524  
115523  
379802  
163784  
194122  
379782  
317575  
317576  
317578  
317580  
224477  
379784  
224479  
115536  
224572  
207357  
207359  
194491  
194490  
237690  
194493  
224569  
237688  
194495  
224565  
115386  
115385  
7421  
115384  
317793  
317792  
317795  
7396  
224552  
302522  
224548  
379505  
224545  
115375  
224544  
224547  
379465  
224538  
224539  
237658  
224534  
224532  
224530  
317763  
224531  
345028  
379462  
379480  
207310  
7364  
207311  
302493  
302491  
7362  
379473  
224518  
207303  
115337  
224517  
379475  
224515  
7369  
224513  
163335  
115445  
7345  
207293  
115443  
224626  
224627  
224628  
115430  
115428  
224623  
115434  
7342  
7343  
379440  
7340  
302538  
115413  
302539  
302536  
115409  
302542  
302543  
194522  
302540  
115411  
194520  
302541  
302530  
302531  
194517  
302529  
194516  
194515  
194514  
194513  
302533  
194512  
194510  
194508  
194506  
194507  
115394  
194504  
194505  
302547  
115404  
194502  
302546  
194503  
115406  
302544  
194498  
115402  
194497  
317924  
317925  
146032  
317927  
115262  
115263  
344935  
224700  
224703  
224702  
317929  
317931  
329650  
224679  
7275  
7273  
146031  
207209  
163473  
317894  
7260  
317895  
7261  
207188  
317892  
207186  
146005  
115229  
207184  
194324  
7258  
146007  
194330  
7254  
317900  
317898  
115221  
317899  
115222  
207175  
7245  
7247  
194311  
317919  
207181  
207179  
207177  
194420  
194423  
194416  
194417  
194418  
329708  
379566  
115318  
329709  
194425  
115312  
194426  
194405  
224738  
194407  
145956  
115307  
145955  
224740  
329712  
224741  
194400  
224742  
194413  
7203  
194412  
224745  
194415  
224746  
7201  
224747  
194409  
194408  
7205  
194410  
317826  
237713  
329671  
317824  
237715  
237719  
145948  
163549  
194398  
163551  
194396  
194397  
379535  
115280  
194394  
145945  
224734  
163547  
224733  
329687  
379541  
207105  
379543  
379542  
224708  
145933  
224714  
329694  
329692  
237707  
329688  
405782  
302744  
405783  
405780  
83975  
224769  
115086  
405790  
379223  
405788  
318034  
163076  
405786  
302743  
405784  
224774  
302728  
302730  
405763  
405761  
302720  
302721  
302722  
302723  
302724  
207573  
302725  
224790  
224810  
8166  
318066  
8168  
318064  
8170  
145895  
405823  
318068  
405818  
163132  
344302  
163135  
318063  
193723  
207615  
163130  
318049  
224817  
318053  
145800  
317982  
145801  
302809  
145807  
238345  
317972  
302807  
317974  
163143  
317969  
163141  
317971  
405825  
405831  
405830  
163154  
207510  
405832  
405839  
302785  
163156  
224878  
115169  
115173  
207528  
207526  
238373  
115177  
145830  
318001  
224894  
317998  
238392  
115189  
405861  
405860  
405863  
238394  
302825  
207543  
207541  
317989  
405869  
302818  
405868  
405871  
405870  
302608  
8009  
302611  
8015  
8013  
163212  
207435  
302620  
405905  
405902  
8026  
405900  
8024  
224917  
405898  
405896  
405894  
405892  
224923  
163229  
163228  
8022  
405891  
8023  
405888  
8020  
405889  
163224  
405949  
302642  
163236  
405948  
379380  
379383  
302640  
405951  
405950  
302646  
163232  
302644  
302650  
8033  
8032  
302651  
302648  
379385  
405937  
302627  
405934  
405928  
302631  
224950  
302630  
193598  
302635  
405926  
302639  
302638  
405983  
405981  
145675  
405970  
207374  
405968  
207369  
302680  
302681  
405974  
405962  
405963  
207382  
405961  
224977  
207376  
224989  
405954  
207388  
224991  
207391  
405953  
207384  
207385  
224998  
207399  
302710  
207398  
302708  
224992  
207407  
302718  
238510  
238511  
225003  
302712  
207401  
207400  
225015  
302695  
145715  
302691  
225021  
7984  
225017  
378957  
302986  
162844  
302984  
162846  
162840  
378955  
302978  
302979  
378951  
302976  
302982  
302983  
225035  
303001  
225032  
145608  
303007  
145610  
238145  
238202  
225080  
378989  
225082  
378988  
378987  
303020  
162874  
378986  
162875  
225085  
378985  
225086  
378983  
225072  
225073  
145653  
225075  
145651  
225076  
225077  
225079  
303033  
225064  
162860  
162859  
162858  
162857  
225071  
225070  
303025  
238110  
225114  
303050  
378895  
225112  
303044  
303041  
225103  
378905  
84289  
225097  
145536  
378897  
378898  
225093  
162883  
378899  
207744  
194043  
194042  
378927  
194047  
194046  
225140  
238131  
238128  
405616  
238125  
145577  
207785  
378930  
378931  
145574  
7768  
302850  
7771  
162961  
225175  
162960  
225174  
162962  
225172  
225179  
207707  
225178  
225177  
207705  
225176  
162969  
302863  
225183  
207711  
225180  
379093  
7755  
7754  
207687  
379089  
302870  
7757  
379091  
162956  
7744  
302875  
162958  
302872  
7747  
207688  
225161  
302878  
225164  
162999  
207728  
302881  
379108  
302883  
302885  
379106  
207733  
302884  
302887  
302886  
302889  
405670  
114742  
193852  
225209  
163006  
207737  
114740  
225211  
302891  
207739  
163004  
114738  
302892  
225215  
302897  
302898  
329143  
207717  
302900  
302902  
302903  
329149  
207721  
329148  
329150  
225195  
329145  
225196  
329147  
207727  
302910  
302919  
7709  
207636  
329158  
7704  
7705  
7706  
7701  
7703  
379020  
302923  
379021  
302934  
114761  
225222  
193858  
225220  
225218  
207618  
207617  
207616  
225217  
114753  
145416  
114757  
238216  
379036  
302936  
225225  
225269  
193904  
302948  
405736  
225271  
405737  
225270  
145462  
302945  
405742  
163062  
145461  
163067  
225276  
163066  
405734  
163070  
207653  
405755  
193889  
207652  
193888  
405753  
7725  
225255  
193890  
207649  
405758  
379061  
405757  
379067  
405747  
225260  
405745  
225262  
7716  
225263  
145455  
405751  
225256  
225257  
405748  
342455  
112879  
202616  
112887  
303916  
359776  
130054  
130055  
130052  
390365  
390362  
390360  
390359  
390356  
303890  
217989  
390350  
303882  
218011  
303884  
303872  
390341  
218003  
390339  
359745  
218005  
390337  
359739  
218095  
237229  
237228  
390330  
132138  
237231  
359743  
390332  
8736  
130149  
390334  
130151  
390320  
8748  
8750  
359728  
132133  
8746  
8753  
359724  
132159  
218104  
359725  
218105  
218103  
237232  
390308  
237233  
218096  
132151  
390311  
237234  
359705  
8710  
359706  
359709  
359710  
8718  
8719  
8716  
218077  
8721  
8735  
303941  
8733  
303943  
132119  
8730  
303938  
8729  
132327  
304058  
304057  
304062  
304063  
304060  
304061  
390244  
390246  
217858  
359895  
217860  
390227  
112712  
112713  
359896  
359885  
217881  
359886  
217882  
217887  
237088  
237089  
112686  
112687  
359866  
359864  
359865  
304122  
304123  
390206  
237111  
237110  
359847  
290477  
112689  
237117  
290476  
237119  
359855  
217940  
202647  
202641  
390151  
202642  
304067  
112669  
202648  
202651  
303656  
390638  
113138  
113136  
390627  
390626  
303655  
303675  
303665  
390604  
303624  
390601  
390597  
217746  
217744  
303616  
217745  
390598  
303622  
217750  
303623  
217751  
217748  
217739  
359517  
390622  
147855  
217737  
217736  
359515  
217743  
359511  
237507  
147841  
359505  
202308  
303726  
237500  
390569  
390568  
390575  
237498  
303720  
202296  
202293  
202292  
359458  
202294  
202289  
390567  
202288  
202284  
237487  
390587  
202285  
359483  
359485  
202280  
237483  
202281  
390591  
202276  
202279  
359434  
390536  
359432  
359433  
359438  
359436  
113046  
113047  
113048  
113049  
303687  
217812  
390531  
113052  
390533  
113053  
217808  
290589  
390553  
290591  
390554  
290581  
290580  
390545  
202243  
202240  
390502  
390503  
303776  
390500  
390498  
390496  
390506  
217632  
202465  
217634  
217635  
217636  
217639  
147758  
303800  
359623  
390469  
202448  
390470  
202455  
202452  
202458  
390476  
202459  
390477  
390478  
390479  
390475  
390485  
237376  
390484  
390487  
237378  
390486  
390480  
390493  
112964  
237386  
202447  
112960  
390489  
390488  
112962  
112963  
303773  
237367  
112955  
112953  
217719  
390432  
237363  
112958  
390439  
112956  
112947  
390442  
217725  
390443  
237374  
237373  
217727  
237372  
217726  
217721  
390446  
147838  
217720  
390444  
217723  
112949  
390445  
217722  
390449  
112937  
390448  
390455  
112940  
390459  
390457  
359613  
390461  
390460  
303815  
303814  
112923  
202386  
112925  
112924  
112927  
202396  
359565  
202392  
390417  
390416  
147778  
112906  
147780  
112908  
147784  
202060  
289887  
113347  
113345  
202056  
202057  
289881  
113349  
113348  
272534  
113354  
272533  
113352  
202048  
113359  
113358  
113362  
113363  
113361  
113366  
303369  
113367  
236760  
113365  
303364  
303365  
303361  
217519  
202094  
202095  
390905  
202092  
236783  
217517  
390906  
217516  
217515  
217514  
390909  
202088  
236778  
202086  
202087  
272565  
272566  
202085  
236774  
289900  
236792  
130613  
289897  
303400  
217529  
236795  
289892  
289894  
236784  
289888  
202098  
202097  
289891  
113295  
130638  
303443  
236699  
202011  
303434  
113298  
130642  
303483  
217571  
217568  
217574  
217573  
390829  
113332  
289832  
113333  
202041  
236730  
202040  
202047  
132665  
132664  
113329  
202045  
236734  
132661  
202033  
202038  
130683  
202037  
130682  
236614  
130697  
303506  
202185  
202187  
202186  
113241  
202207  
130710  
113238  
202201  
303496  
390769  
390768  
390771  
202213  
290039  
202212  
390773  
390775  
290041  
390782  
132848  
132849  
390753  
236663  
148019  
303524  
390757  
390759  
202238  
390760  
390761  
390763  
236664  
390765  
390766  
390767  
202115  
390676  
130764  
390675  
390687  
390686  
390685  
390684  
390683  
202125  
202124  
202127  
202128  
132756  
202131  
132754  
202133  
236566  
202135  
202137  
202138  
202139  
148059  
236581  
236583  
148076  
303611  
303615  
303612  
236593  
303591  
390689  
303592  
236604  
342666  
237021  
342665  
237022  
290120  
201819  
237016  
290121  
237017  
201818  
237018  
237012  
237013  
237014  
237008  
342663  
237009  
113630  
237005  
237007  
237003  
201800  
113606  
201798  
236995  
148410  
201853  
148411  
201854  
148414  
342700  
201848  
391150  
130875  
130874  
391138  
148406  
290175  
113635  
130850  
391162  
113632  
113637  
237030  
130859  
130856  
148384  
201831  
237026  
130860  
201754  
148440  
148441  
201758  
201747  
201746  
148438  
201745  
148439  
148434  
201749  
236937  
148429  
132868  
303186  
148423  
148422  
391058  
201733  
201785  
217338  
201787  
236990  
236988  
217329  
391078  
217331  
391075  
391073  
217335  
148449  
290245  
236885  
113497  
113496  
290247  
290240  
236883  
390982  
390984  
236870  
390995  
236871  
236876  
391001  
236877  
236872  
236873  
236874  
303256  
391011  
391016  
391017  
391037  
290176  
390917  
236820  
201882  
201883  
201886  
201862  
236851  
390950  
390948  
236854  
236858  
236857  
236856  
236862  
236861  
201889  
236835  
201888  
201890  
236838  
236839  
236836  
236842  
290235  
236841  
290238  
236846  
236197  
236192  
219106  
219105  
113825  
219119  
113824  
219117  
219115  
219113  
219126  
219121  
236220  
219130  
219131  
343504  
113803  
113801  
201472  
113805  
236174  
219087  
201480  
113799  
201481  
201482  
219092  
236191  
219097  
219099  
236263  
113893  
343487  
113892  
148655  
113894  
113889  
113888  
113891  
148656  
219062  
148657  
148658  
289384  
236282  
236283  
289390  
219009  
113867  
113866  
113865  
236233  
219021  
236242  
113886  
236243  
219026  
236240  
219027  
219028  
219029  
236244  
219030  
148634  
236077  
201645  
201641  
201639  
201637  
236070  
236071  
201636  
201635  
219007  
201662  
201663  
236095  
219001  
218999  
358817  
236080  
358811  
236040  
236038  
148546  
218945  
236032  
218946  
148566  
148565  
343359  
343358  
218927  
236128  
236130  
201696  
201703  
236134  
236153  
218939  
305067  
218938  
305065  
236154  
218936  
201727  
305059  
305057  
218934  
305061  
236150  
305060  
148494  
236106  
305048  
305049  
113732  
305051  
113730  
305055  
113729  
236098  
113743  
113740  
236102  
113738  
201671  
218904  
148509  
358857  
218909  
148507  
113746  
218908  
201693  
201694  
236125  
201695  
236117  
236469  
148986  
236478  
236476  
236454  
218852  
148967  
389556  
236449  
218851  
148969  
148944  
131345  
131344  
114073  
148946  
201237  
131347  
236444  
236445  
236446  
114066  
236447  
114068  
236441  
114070  
358419  
358417  
201218  
201230  
201228  
148939  
148938  
148943  
114173  
114170  
114164  
236513  
201314  
201315  
236518  
236517  
201318  
358525  
148911  
236523  
358527  
148909  
148908  
148907  
236527  
148906  
201325  
114145  
148884  
236496  
236497  
201297  
201296  
114138  
148882  
148888  
148889  
148890  
114130  
148891  
114131  
358487  
358486  
358485  
236483  
236482  
236491  
201288  
148879  
358492  
148878  
236493  
148873  
236495  
131403  
148859  
131512  
148857  
148861  
236344  
236341  
148848  
131510  
201392  
236338  
131509  
148842  
148840  
113952  
236332  
113953  
148841  
389439  
113956  
113957  
236329  
148837  
113939  
113941  
148829  
148828  
113940  
113942  
358528  
148818  
148821  
113949  
113951  
148823  
113950  
148808  
113921  
131466  
148811  
148813  
113925  
236298  
148815  
131459  
113930  
148802  
148803  
148804  
113933  
148805  
148806  
358637  
304809  
304808  
131580  
358639  
201469  
148793  
358634  
201471  
218675  
304803  
148789  
304805  
148787  
218676  
304807  
148785  
148782  
148780  
236392  
201453  
201452  
148774  
148775  
148772  
201434  
131548  
201435  
201432  
389455  
358604  
201433  
131544  
358602  
358601  
131546  
358598  
236368  
131533  
358622  
131532  
236363  
389461  
131527  
358612  
218624  
131526  
218625  
389459  
131522  
131590  
235651  
131591  
304464  
131588  
304467  
131586  
235653  
131598  
235659  
304473  
131599  
131596  
235663  
114306  
235661  
114305  
304479  
131602  
218583  
304455  
149214  
149215  
149212  
218587  
149220  
114348  
235683  
200993  
235685  
114345  
114344  
149219  
149218  
114341  
114340  
114336  
114338  
304482  
304483  
114366  
304481  
304486  
304484  
304490  
131645  
304491  
131647  
304494  
304492  
114355  
131650  
131651  
131654  
149126  
149124  
149131  
131656  
343963  
149134  
149133  
235730  
114386  
114387  
304392  
131676  
218534  
201063  
114411  
304436  
201068  
201066  
201067  
218536  
149168  
201079  
304419  
131703  
201085  
201084  
201083  
201082  
201081  
218440  
359325  
218441  
304602  
304603  
218443  
114178  
218445  
304593  
304598  
149087  
201112  
149085  
288911  
343880  
149078  
288897  
114203  
235542  
201109  
114201  
389693  
389695  
389689  
149097  
389691  
149092  
304626  
131748  
304630  
149090  
304629  
304619  
235577  
131772  
131773  
114231  
304623  
149115  
131760  
201142  
201141  
114242  
131787  
114241  
149006  
114247  
149007  
131789  
304532  
148994  
148995  
201159  
304528  
218369  
114255  
304529  
218370  
304530  
304525  
131794  
149010  
201175  
131798  
131799  
131796  
235600  
131797  
235628  
235629  
235624  
114276  
235625  
304571  
235626  
201191  
149027  
359403  
149053  
201208  
201209  
235637  
201206  
235636  
201207  
149045  
235635  
289024  
218324  
304202  
200731  
390025  
304206  
304204  
390036  
218307  
289043  
390038  
218304  
289045  
218311  
289044  
218310  
304213  
390044  
129861  
390047  
129856  
390055  
235955  
200755  
235952  
235953  
200759  
304231  
200760  
129910  
129908  
304235  
200762  
200767  
149486  
149484  
289092  
289094  
343687  
304130  
200785  
273805  
273804  
390088  
218268  
273806  
304138  
218241  
289107  
390102  
235971  
289106  
200769  
235970  
390104  
343706  
9541  
390106  
390108  
390110  
200821  
200820  
273829  
200823  
273828  
200822  
200816  
289135  
9589  
304168  
218296  
200824  
218298  
359025  
390130  
289143  
9582  
218277  
289142  
359027  
343730  
289139  
218275  
289136  
200858  
200859  
273738  
130006  
289165  
273740  
289164  
273742  
130002  
273743  
130003  
289166  
289155  
114463  
218193  
9628  
273734  
129989  
218187  
218190  
129984  
129987  
129986  
129997  
218178  
304338  
218179  
389934  
235838  
389928  
389926  
304355  
304359  
359100  
289211  
359103  
359096  
289214  
149352  
289212  
200866  
114474  
389937  
389960  
218143  
218142  
389962  
289225  
218136  
218135  
289217  
389956  
389958  
359130  
389979  
304284  
218124  
218122  
289242  
200905  
289243  
218121  
200904  
359122  
235844  
235841  
359124  
235842  
343572  
304301  
235901  
235899  
200944  
200946  
200936  
218153  
390001  
200934  
149556  
374948  
357861  
219961  
392303  
134394  
357878  
357874  
357884  
149550  
235115  
219925  
219927  
235092  
219929  
219931  
235103  
306063  
235080  
149516  
357849  
219917  
149512  
219918  
288421  
288420  
288417  
288418  
288431  
235071  
128243  
306156  
128244  
288427  
288426  
204711  
128232  
134307  
288433  
204705  
134311  
235043  
134312  
134315  
204717  
204715  
128231  
235050  
204692  
288390  
288389  
204695  
80286  
204690  
288384  
306125  
235039  
204700  
306124  
235038  
204702  
204703  
204698  
149568  
204673  
204675  
288415  
306136  
204665  
357738  
357736  
204659  
149684  
204656  
357728  
204661  
149677  
149676  
204651  
149673  
204654  
288373  
204633  
204634  
204637  
305932  
235228  
235218  
235223  
235211  
340376  
235215  
235214  
149642  
149640  
357712  
235204  
288300  
357674  
306030  
392361  
357672  
392363  
357673  
392367  
288292  
204599  
288294  
392355  
288295  
392357  
394479  
204588  
204586  
204585  
204582  
392369  
204580  
204581  
392374  
235166  
204573  
392330  
235167  
392328  
204568  
357646  
204571  
357648  
235362  
204512  
235364  
235369  
110975  
204530  
110973  
235382  
204536  
204540  
128397  
204487  
128393  
204490  
219662  
110912  
219661  
339974  
204502  
219675  
204504  
128401  
235359  
305908  
204455  
110894  
305904  
110895  
305906  
235296  
357559  
235297  
204460  
305918  
204457  
305912  
204458  
110907  
305893  
357536  
110906  
204464  
110911  
204465  
110908  
110899  
392490  
305901  
305903  
305897  
392492  
305899  
219718  
392465  
219716  
235271  
219714  
392469  
392471  
149831  
392473  
149832  
357507  
219735  
235284  
219737  
357501  
357503  
235503  
235488  
340141  
305706  
305707  
305708  
149944  
149942  
340133  
340135  
357471  
149901  
357469  
305689  
149903  
219791  
219789  
219788  
357461  
111054  
111060  
111058  
219794  
219792  
235439  
128355  
235438  
128352  
340223  
219872  
288561  
288558  
111026  
288553  
235449  
288550  
288544  
110978  
305753  
110983  
110985  
149952  
110987  
357398  
357397  
110990  
235422  
204317  
340175  
204315  
235418  
111195  
204244  
111194  
111193  
234580  
111199  
111197  
204254  
204249  
234585  
219396  
305562  
287975  
111230  
111216  
287980  
111219  
234592  
234594  
204257  
111202  
305596  
305594  
305593  
375495  
128732  
128730  
128727  
234522  
204186  
219485  
219487  
375496  
219486  
234499  
204163  
219515  
287917  
287916  
128754  
128749  
219490  
234529  
234531  
128746  
128741  
340859  
234543  
204125  
204117  
287814  
287815  
204119  
204113  
204115  
219533  
287838  
219535  
219534  
392927  
219531  
134723  
234690  
234689  
392937  
340904  
392941  
392943  
134769  
392929  
392928  
305442  
204142  
392952  
134761  
204140  
134765  
392958  
204132  
134681  
111248  
305473  
134677  
111260  
134675  
219593  
111238  
80653  
111242  
287765  
219591  
287764  
204091  
234687  
111277  
111276  
111273  
111275  
111274  
219143  
219140  
219138  
234817  
219150  
234828  
219144  
80600  
234839  
288195  
234845  
234841  
234843  
234852  
234850  
234862  
234863  
234860  
219183  
234861  
234858  
234859  
234856  
234857  
234871  
234870  
234867  
135159  
234866  
234865  
135160  
234873  
203911  
219207  
203915  
288152  
219211  
203913  
219214  
219215  
135051  
219219  
288129  
219218  
219217  
219223  
219226  
234779  
219224  
234781  
234780  
305392  
234787  
305393  
305394  
305395  
288182  
234790  
305396  
288183  
234788  
288181  
288186  
234794  
305377  
305376  
150387  
305389  
288174  
150394  
305388  
288094  
203848  
128775  
128777  
128778  
128781  
305166  
128787  
128786  
305162  
305163  
219282  
203885  
340667  
203887  
128810  
340657  
150439  
128823  
128822  
305194  
340654  
203892  
305189  
203890  
305242  
128832  
234892  
305246  
357913  
305245  
288017  
357910  
203776  
357906  
357905  
288013  
234911  
80415  
357888  
203816  
203817  
288056  
234927  
234915  
234914  
203811  
305269  
288055  
288054  
305271  
203814  
305254  
221055  
307183  
221054  
150651  
127218  
221052  
150653  
221051  
391213  
391214  
391215  
391203  
111677  
111679  
111678  
221036  
221034  
234024  
391231  
391230  
234020  
221030  
307190  
307188  
221028  
391219  
221029  
234023  
221026  
391221  
234017  
391178  
221020  
150623  
203672  
391182  
221017  
221016  
203673  
150621  
203674  
391180  
221018  
203668  
391170  
391171  
203670  
391169  
221014  
391172  
150602  
391195  
81280  
203657  
391197  
203658  
150594  
391187  
233990  
220998  
150592  
391185  
203771  
203774  
391272  
391273  
203772  
391264  
164210  
203764  
164208  
391267  
164206  
164207  
164204  
164202  
164201  
391285  
164188  
203728  
203729  
203730  
111709  
203731  
203733  
164176  
111705  
203721  
391262  
164175  
391260  
111682  
391259  
111683  
111680  
111681  
111691  
164274  
164275  
164278  
150773  
164279  
164276  
164277  
150777  
391354  
203562  
391356  
391357  
234135  
234130  
307008  
391303  
391302  
203536  
221148  
203548  
221149  
391305  
221150  
391310  
391309  
203525  
127048  
391312  
111758  
203522  
111756  
234112  
164233  
234121  
203635  
306978  
391397  
203634  
306982  
127033  
306983  
203638  
306980  
203636  
391405  
203641  
391407  
391400  
391403  
391402  
391412  
391414  
391408  
391409  
111848  
306996  
111845  
111846  
221072  
306948  
203607  
221057  
391382  
221059  
391378  
221060  
221063  
221062  
221065  
221067  
221066  
221069  
391386  
221068  
221071  
221070  
203424  
133560  
203455  
234295  
133554  
220790  
133558  
220750  
203406  
203403  
203402  
220744  
220743  
391443  
220740  
203396  
203395  
341066  
203420  
203418  
203416  
220759  
203414  
203415  
220758  
203412  
203413  
203410  
203411  
203501  
203500  
203491  
203493  
341040  
341036  
234363  
234361  
234355  
203508  
220682  
220683  
220680  
111943  
203459  
341015  
287697  
203458  
220672  
341012  
220678  
111945  
111946  
111947  
203460  
306827  
341007  
306826  
340999  
340996  
306816  
306805  
220903  
112040  
112046  
234415  
234414  
112034  
203310  
220910  
234412  
306809  
220904  
112038  
203306  
220916  
234422  
203316  
112059  
112062  
112063  
220914  
287520  
234417  
112050  
133435  
112051  
234431  
234428  
112049  
133432  
220920  
234426  
112054  
234427  
220922  
112053  
220867  
220865  
341210  
234388  
234389  
306754  
306752  
127315  
133402  
220833  
164068  
164071  
287601  
306739  
164065  
164064  
164067  
306743  
306742  
220841  
127270  
112102  
112100  
112098  
112096  
287586  
127295  
112127  
127294  
341158  
306723  
203383  
220856  
203387  
220859  
203388  
306734  
306735  
234433  
112076  
234435  
112073  
112072  
234436  
234439  
133452  
234441  
112071  
234443  
112065  
234445  
220814  
133450  
287582  
112092  
112093  
133463  
306688  
112095  
306694  
112089  
306693  
133469  
306698  
112085  
306697  
220830  
306700  
306701  
306633  
203160  
341838  
233497  
341832  
203164  
233503  
341833  
203165  
112144  
203152  
233490  
203155  
203157  
203145  
233482  
233483  
233480  
112132  
233481  
112130  
203148  
203151  
112128  
112129  
112142  
81804  
112140  
133763  
233478  
112139  
233479  
203143  
306665  
306671  
233535  
233521  
220531  
306658  
233520  
233523  
220533  
306680  
306681  
233517  
306674  
233504  
233507  
233508  
127632  
127623  
127622  
233545  
127627  
127626  
127625  
127624  
127631  
233538  
127630  
233537  
391784  
306607  
391785  
306606  
306605  
341806  
391789  
306602  
341804  
306601  
391777  
306598  
306597  
233585  
391780  
112253  
233584  
112255  
341819  
233580  
233581  
391800  
393779  
233582  
341816  
233583  
306621  
341823  
393781  
233576  
233577  
393783  
306610  
306608  
233571  
233618  
233619  
233616  
233620  
112276  
306507  
233625  
112274  
306508  
112272  
112270  
306515  
203010  
112264  
233611  
112262  
233610  
112260  
233615  
357147  
233613  
112256  
133685  
233648  
233649  
127615  
376416  
306535  
203062  
127611  
127610  
133693  
133692  
233657  
133689  
220670  
127601  
127600  
233663  
127596  
220641  
220647  
233638  
220651  
233643  
220648  
81701  
306559  
220653  
133714  
357186  
233684  
357187  
233682  
357189  
203101  
220568  
133698  
112331  
306452  
306455  
112328  
133702  
112334  
233666  
220557  
233677  
112327  
127494  
233675  
112326  
127493  
233672  
357219  
357221  
357226  
133755  
133754  
220583  
203110  
203111  
220581  
127530  
203108  
220580  
133738  
306492  
306491  
220585  
233737  
134031  
233738  
233740  
220238  
233741  
134027  
220236  
233742  
233743  
202883  
357015  
134022  
357010  
306390  
202886  
202884  
306389  
134044  
202910  
202898  
202899  
233747  
233749  
202900  
233770  
202923  
202922  
233775  
202927  
220258  
220260  
233767  
134050  
233785  
202938  
202928  
202930  
202931  
357025  
202932  
233806  
134093  
134095  
202953  
134094  
357075  
112458  
112460  
220189  
376714  
220187  
202970  
233817  
306313  
127894  
233818  
127898  
233815  
233814  
127900  
202990  
202985  
233835  
233830  
202983  
233827  
203004  
203005  
203007  
203002  
202996  
202997  
220215  
202994  
356884  
202758  
202759  
233860  
127819  
164494  
164492  
164491  
164488  
127854  
164514  
127849  
306297  
202797  
306274  
306277  
306278  
202809  
306280  
202810  
151549  
127859  
127858  
306286  
356951  
133958  
356948  
133961  
133962  
220301  
133963  
133964  
133965  
220318  
233948  
164571  
220316  
164574  
341646  
164573  
233947  
220325  
233959  
220327  
202854  
233956  
233954  
164585  
202861  
164587  
202863  
233963  
112615  
220328  
112613  
233961  
134003  
220340  
134002  
202871  
202870  
220336  
134005  
134004  
356970  
202879  
356971  
202873  
198235  
198232  
136536  
198226  
151956  
136534  
198225  
198230  
151952  
151948  
233416  
368924  
151949  
233419  
368927  
198222  
198211  
213634  
151941  
213635  
233409  
213632  
198215  
198214  
198213  
151999  
368943  
136575  
186429  
136572  
186430  
151997  
368940  
307757  
136571  
136566  
198256  
151991  
198257  
198259  
151987  
186418  
186413  
213672  
136558  
294779  
213673  
136556  
213675  
213676  
198254  
151974  
198241  
368950  
151975  
294771  
151972  
368948  
151970  
136472  
233373  
307790  
307788  
307786  
233368  
186463  
307784  
136464  
136465  
307781  
368963  
198165  
233361  
368965  
233360  
213713  
233363  
136471  
198159  
368984  
152008  
213710  
368985  
233357  
152009  
233358  
198156  
233359  
136461  
198154  
186435  
186434  
152002  
198148  
152003  
152004  
186438  
152005  
108942  
198144  
152007  
198204  
369003  
213757  
198205  
233406  
369001  
186491  
369000  
186492  
233402  
338157  
186494  
369005  
213755  
338158  
213754  
307812  
233397  
307814  
233395  
368997  
233393  
233390  
338169  
136490  
233391  
233388  
198190  
338170  
233389  
233386  
338173  
369010  
213732  
198180  
213734  
213735  
136487  
369012  
186471  
213526  
213527  
213525  
151836  
213530  
213531  
307848  
213534  
198367  
213535  
151833  
151834  
213532  
213533  
151813  
248707  
151809  
198343  
186496  
186510  
186505  
248755  
233330  
248754  
307874  
151860  
186550  
151858  
213556  
198389  
307876  
198388  
213558  
186547  
198390  
213560  
198393  
198395  
213562  
248761  
151866  
198397  
186553  
213564  
186552  
198399  
213566  
186555  
198398  
213537  
198368  
369078  
369077  
213539  
136677  
213538  
213541  
294903  
136672  
213543  
294901  
294900  
213545  
213544  
213547  
294905  
294904  
186579  
136592  
186577  
233232  
198289  
213584  
369100  
369101  
198278  
213575  
213574  
213573  
198276  
198277  
186561  
338006  
213571  
248768  
186565  
233229  
213583  
233228  
186568  
213579  
198280  
213577  
186572  
136591  
213576  
369122  
108858  
233271  
108859  
151920  
233268  
369120  
108856  
198320  
369124  
338027  
213630  
213631  
186621  
186623  
151907  
213607  
307959  
213601  
151910  
151909  
248800  
213602  
248812  
307966  
248810  
151917  
248808  
294488  
198479  
307999  
186629  
186630  
186625  
368658  
186627  
368656  
186626  
368655  
186653  
151708  
307969  
307970  
368641  
308026  
308024  
248367  
308018  
308016  
186660  
368688  
248357  
186659  
368689  
186658  
48111  
308011  
308010  
198520  
368687  
368686  
308008  
368681  
186682  
308014  
186681  
198514  
368677  
248368  
368676  
248369  
308002  
248370  
308007  
368673  
248372  
233204  
368672  
368675  
368674  
308004  
213964  
233102  
368730  
151755  
151758  
213961  
233096  
368732  
233094  
213956  
368722  
368723  
213958  
368720  
368721  
233093  
198406  
151750  
368726  
368727  
233091  
368724  
198402  
186716  
198421  
198422  
198423  
233133  
233135  
338431  
368766  
338428  
368767  
233124  
198438  
198436  
368756  
108716  
368757  
108718  
368744  
368747  
368746  
198458  
368749  
198456  
368737  
368736  
368739  
368738  
214001  
214000  
198449  
198592  
213761  
248451  
213760  
213765  
248454  
248455  
213767  
151553  
248453  
248458  
213768  
248459  
136396  
248462  
151561  
338202  
308098  
368770  
368771  
368768  
136415  
233051  
198619  
368778  
198621  
198620  
198623  
368776  
136420  
213795  
151588  
198628  
213796  
198635  
151599  
136424  
213810  
151604  
198642  
233074  
198641  
213814  
213815  
213812  
213818  
213819  
198649  
233082  
233085  
198654  
151609  
108555  
108553  
186822  
108557  
108556  
108544  
213833  
151629  
108549  
232980  
198545  
151636  
136340  
198557  
248543  
232990  
232991  
198556  
136345  
232988  
232987  
248538  
232984  
213863  
248549  
198567  
248551  
232993  
248545  
213856  
248547  
368886  
338298  
198570  
198583  
136368  
233014  
233022  
108594  
151677  
198585  
294254  
137080  
294253  
197758  
137081  
197759  
126769  
197753  
197754  
197755  
213173  
369443  
248118  
213175  
197751  
369447  
137078  
232947  
137079  
369446  
369445  
248112  
369444  
186921  
248110  
232940  
248108  
248107  
294262  
307252  
109547  
307253  
186915  
152480  
197729  
186917  
197728  
186916  
307215  
213146  
307210  
213144  
248091  
232917  
232916  
213142  
248086  
248087  
197714  
213139  
294208  
126750  
248076  
248079  
126724  
232905  
197704  
307222  
197702  
307220  
307221  
307218  
307217  
232891  
232890  
152573  
187006  
197690  
152572  
109491  
187000  
187001  
187002  
186996  
197682  
213234  
197683  
186992  
213237  
109498  
186994  
197686  
197687  
294202  
232874  
186989  
186988  
186991  
186990  
294206  
109474  
213229  
109472  
186987  
109486  
232866  
186981  
248162  
109487  
232867  
248160  
186982  
232870  
186977  
294199  
186979  
232856  
126807  
136984  
109457  
126800  
186970  
126801  
186968  
186969  
152533  
186966  
186962  
197654  
186960  
197652  
152531  
307290  
307291  
186957  
248138  
186956  
248141  
197646  
109441  
186954  
186949  
197633  
197639  
276775  
187057  
126907  
232823  
338464  
187059  
338467  
187058  
187061  
187060  
248240  
294383  
187067  
276778  
276777  
276776  
232807  
232805  
232804  
294386  
137188  
137189  
187049  
276796  
248236  
276797  
47206  
232812  
248235  
187054  
232809  
248233  
213014  
232788  
213015  
232789  
232790  
338433  
232791  
232787  
338443  
338442  
232797  
213020  
126869  
213018  
338447  
232773  
187008  
232775  
187014  
276760  
187118  
187113  
137109  
137108  
137111  
213078  
232726  
232728  
213082  
197786  
197785  
232732  
213086  
232734  
197762  
187079  
232709  
213063  
213062  
232711  
137100  
232713  
126916  
213067  
197770  
197771  
213066  
137102  
232715  
213065  
213064  
187083  
187080  
232684  
307518  
307519  
213420  
307516  
232686  
213418  
294008  
307514  
294009  
294010  
232682  
307512  
307510  
126507  
197988  
126506  
307506  
307504  
197985  
232701  
136827  
232702  
213433  
232699  
213429  
232689  
232688  
232691  
213388  
338841  
338840  
247822  
213390  
338843  
109248  
247821  
338842  
109249  
247820  
338845  
338844  
247818  
247816  
109256  
126479  
338837  
126477  
338839  
338838  
213404  
152218  
126480  
213407  
232669  
197983  
152216  
213401  
232667  
197976  
213400  
197977  
197978  
197979  
213397  
197972  
152209  
213393  
152215  
213392  
152214  
197971  
232617  
247912  
197923  
247904  
247906  
197926  
197947  
197944  
197949  
247935  
197939  
109247  
152310  
197942  
197941  
152268  
152264  
197889  
213442  
197891  
197890  
152258  
307529  
247898  
232602  
307528  
247899  
307531  
232600  
307521  
247891  
307523  
307525  
247894  
247892  
247893  
307526  
307639  
198116  
307637  
247974  
307636  
307633  
338746  
213295  
213294  
232559  
247977  
307641  
307622  
213302  
232566  
198131  
213298  
232560  
247987  
198128  
213310  
307630  
369321  
369322  
307628  
247998  
369323  
232568  
307626  
232570  
307624  
213305  
152071  
247938  
307600  
232513  
247936  
232527  
152075  
152073  
152072  
213257  
294107  
213259  
294105  
232528  
198109  
307596  
307597  
213277  
338806  
152164  
307696  
152163  
248038  
369395  
126698  
126699  
198058  
126692  
248041  
126693  
248042  
187370  
198062  
198066  
307683  
198065  
307680  
187381  
126713  
338787  
232502  
338785  
338784  
338799  
338798  
198073  
338797  
232507  
232509  
232510  
136838  
369367  
136836  
369365  
369363  
369362  
307671  
338780  
338782  
369371  
338776  
338777  
198030  
198031  
198037  
294020  
294021  
307656  
307657  
307658  
307660  
369985  
369989  
369993  
369992  
232351  
369995  
369997  
370000  
370001  
370002  
370003  
370004  
370006  
109967  
125253  
214773  
214772  
214775  
370020  
214781  
214780  
232358  
214757  
214759  
370038  
370036  
308850  
214765  
370040  
214766  
308742  
369923  
308751  
339103  
152969  
308771  
308773  
110067  
369974  
369970  
369982  
153004  
369978  
153003  
369976  
187610  
197276  
339023  
109846  
187602  
152913  
370116  
370117  
187605  
370118  
232205  
187595  
187598  
370143  
232199  
187590  
187591  
187641  
125426  
187640  
370146  
187635  
197296  
187639  
197299  
370148  
197292  
152936  
197288  
232234  
197289  
152941  
197290  
197284  
152930  
197286  
339058  
125333  
109908  
152860  
308874  
109909  
308872  
109911  
197343  
109904  
308878  
109905  
152857  
197331  
109916  
109917  
197328  
125337  
125336  
109913  
197332  
308869  
197323  
308889  
152840  
197325  
152837  
308883  
308886  
370086  
370087  
308901  
197352  
152878  
187565  
197353  
152877  
308923  
109922  
109921  
197345  
308917  
152865  
187713  
309076  
187712  
152771  
309078  
109704  
309079  
232066  
152774  
309073  
152775  
309075  
187721  
309084  
309085  
197391  
187723  
309087  
187725  
309080  
109702  
309081  
232087  
152788  
152795  
309071  
215006  
215001  
232091  
152798  
187741  
309064  
187743  
187747  
215015  
309106  
215011  
152807  
215022  
293436  
232108  
293437  
152817  
309093  
152818  
215027  
232112  
309088  
90610  
215037  
232121  
215035  
369686  
369684  
109772  
369685  
293462  
187649  
214916  
369682  
152706  
109771  
152704  
152705  
293467  
152719  
214921  
369695  
109764  
293470  
197453  
109763  
369691  
369688  
293469  
152735  
369679  
152734  
152730  
187687  
369716  
152743  
293491  
369712  
293493  
152748  
187694  
152751  
187690  
152756  
187700  
187701  
187698  
152753  
187699  
152754  
187697  
369698  
187849  
293534  
293533  
187850  
187852  
187842  
369879  
187844  
187846  
187865  
187864  
187869  
187871  
187870  
187857  
109595  
187859  
369860  
187862  
197550  
187880  
309240  
197542  
152673  
187874  
187875  
187872  
187873  
152677  
187878  
214881  
187876  
187877  
152696  
187899  
109617  
369898  
197564  
109619  
109620  
152701  
187901  
187891  
187890  
214900  
187895  
214899  
152693  
369894  
231987  
152695  
369820  
197580  
197581  
197582  
197583  
214785  
214787  
152581  
197574  
197593  
187805  
232027  
152607  
197595  
214812  
197597  
214813  
197596  
214814  
187803  
197599  
197598  
197585  
197587  
197589  
197588  
197591  
232040  
109671  
109670  
197614  
232044  
214819  
197602  
152615  
197600  
232035  
152614  
197601  
187813  
152609  
187810  
109673  
197606  
152608  
197607  
109672  
197604  
197605  
197627  
187837  
232059  
187836  
197631  
197619  
197618  
197623  
188021  
125823  
231863  
231861  
125810  
125809  
196671  
188000  
125795  
196652  
187990  
187989  
187986  
187984  
187998  
196634  
196632  
125777  
196611  
187969  
125765  
196616  
125761  
125760  
196621  
125762  
196724  
136051  
136054  
187957  
136055  
187958  
125757  
196732  
125746  
136056  
125748  
187967  
125738  
125737  
187943  
187944  
125729  
125735  
187948  
125733  
110553  
196692  
196677  
196676  
110542  
110543  
339611  
125696  
339610  
196685  
110533  
110534  
293290  
293291  
293294  
293292  
339557  
188148  
136114  
188147  
136112  
196768  
196772  
125909  
125905  
125907  
196765  
196752  
231691  
293279  
231680  
188100  
188098  
308399  
136184  
308393  
308394  
188094  
308395  
308390  
196851  
153387  
125858  
125859  
153384  
153379  
125866  
125870  
153380  
339467  
125841  
125840  
125843  
125845  
196825  
125847  
125846  
125849  
125848  
125853  
125855  
125854  
125824  
153344  
125837  
231586  
196896  
231589  
231590  
370302  
196913  
153331  
370262  
196867  
188231  
370260  
188230  
370258  
370256  
188237  
196873  
125510  
188236  
188239  
196875  
188238  
125507  
188233  
188232  
188235  
370264  
196879  
188244  
110239  
370247  
188245  
125530  
370243  
110234  
196886  
188242  
370241  
188243  
370253  
370252  
370251  
370249  
370248  
370224  
370225  
370226  
196964  
308530  
370228  
188199  
196962  
188198  
308528  
188197  
370230  
196960  
370232  
370234  
188207  
370236  
125477  
188206  
248875  
370238  
248874  
308519  
125500  
308514  
308513  
196977  
153273  
308527  
153275  
370219  
196986  
370221  
370223  
370222  
196933  
248839  
370194  
248838  
370198  
196928  
248847  
370200  
308504  
196948  
196949  
125464  
125465  
188179  
188182  
370181  
188184  
370187  
125459  
188186  
370185  
248861  
125462  
135775  
196955  
339838  
308731  
197032  
308734  
339832  
125679  
308720  
197030  
308726  
125684  
110129  
125693  
308706  
308707  
308704  
308705  
188404  
308710  
308708  
308697  
125639  
308699  
110085  
231433  
125636  
110084  
125637  
231439  
308701  
125634  
308700  
308703  
197007  
308691  
308693  
308695  
125640  
125641  
308694  
339788  
197016  
153180  
197019  
197023  
197009  
308672  
231441  
308675  
308676  
370370  
308677  
308678  
231444  
370368  
308671  
308669  
293109  
293108  
293111  
308660  
293104  
308658  
293106  
339754  
293101  
293103  
197107  
308642  
197104  
308639  
370323  
125591  
153119  
125590  
125589  
215554  
246657  
215552  
246661  
246663  
200399  
246669  
231247  
246671  
200402  
231253  
200405  
231256  
231257  
231261  
231262  
246687  
231263  
106863  
246690  
231267  
231266  
231265  
246688  
200419  
231264  
292855  
200420  
246695  
246698  
292857  
246696  
231278  
231277  
200431  
246701  
231282  
231283  
200437  
138739  
231287  
138737  
106872  
138751  
292757  
292756  
292759  
246727  
231168  
246732  
231181  
106755  
106757  
246730  
215624  
292762  
215638  
292741  
231189  
292742  
231190  
292743  
231191  
215632  
215633  
231187  
292748  
292750  
246751  
231199  
231192  
309962  
292745  
215653  
231207  
215655  
231204  
371191  
231202  
246752  
231200  
246766  
371195  
371194  
246764  
371193  
246765  
231208  
124411  
200373  
124409  
215665  
124405  
215691  
309785  
231371  
309790  
231373  
231375  
138565  
370964  
370965  
309782  
153986  
124171  
124170  
231385  
200283  
231384  
370953  
231388  
231391  
231377  
309763  
124189  
231376  
309761  
231379  
215696  
200278  
231381  
124186  
231382  
200296  
200303  
200302  
138599  
200291  
231392  
231393  
106999  
231419  
138620  
246590  
138618  
138619  
246588  
231421  
246589  
309793  
231415  
309799  
138505  
138504  
138507  
138509  
138497  
138501  
200192  
309841  
138521  
231324  
200220  
231327  
200218  
200219  
200216  
215766  
200212  
200213  
246610  
231342  
138538  
215789  
231343  
371067  
371064  
231340  
138536  
200233  
231338  
215785  
231339  
371071  
371068  
371069  
246631  
138531  
371058  
309876  
215781  
138529  
371056  
231332  
371057  
231333  
371062  
138534  
371060  
371061  
231329  
138558  
371055  
371054  
200249  
200250  
371053  
246646  
138547  
246644  
231348  
138550  
200657  
200659  
215827  
215829  
106587  
200663  
310150  
200662  
310151  
200665  
106582  
310152  
310153  
138461  
106580  
138458  
200671  
310158  
310163  
215817  
215819  
200651  
124032  
106620  
138485  
138484  
106621  
106623  
138481  
200695  
106616  
106617  
200693  
106618  
138482  
200692  
106619  
138492  
106614  
138494  
106615  
138489  
138488  
200672  
138464  
138477  
138473  
138474  
106526  
106527  
230928  
138389  
138399  
215877  
138368  
215879  
215878  
215885  
200589  
230926  
230924  
336227  
336226  
336231  
310255  
200614  
200615  
310262  
138404  
336246  
310258  
336244  
246508  
138410  
246505  
200616  
200617  
123926  
310025  
123924  
310031  
231127  
123928  
231114  
106694  
106695  
231112  
106692  
123908  
106690  
138314  
123905  
310046  
138312  
310047  
310032  
138310  
231110  
231111  
138305  
106697  
310057  
200573  
200562  
310051  
310050  
106724  
106726  
200559  
153761  
246366  
123984  
123994  
123998  
246354  
200465  
123996  
106653  
310108  
246351  
246350  
310109  
310110  
246347  
200453  
310100  
310101  
200455  
123983  
216063  
336362  
231101  
216061  
310125  
231103  
231102  
336366  
231097  
138301  
231096  
216057  
336354  
200502  
200503  
336352  
216051  
336358  
292387  
336379  
310140  
124003  
106658  
106660  
310136  
106662  
106664  
310132  
336369  
106666  
336368  
310130  
246369  
106668  
336374  
336373  
336372  
199908  
326773  
199909  
230757  
139232  
199910  
139238  
199905  
326771  
139242  
246191  
326779  
215095  
246196  
139259  
215101  
199929  
230779  
246202  
139262  
139261  
139200  
139202  
139203  
139204  
246144  
230721  
230720  
246146  
199886  
199887  
139209  
199885  
246153  
309382  
139218  
199889  
246173  
139225  
246172  
139229  
139228  
139231  
230747  
107311  
107310  
230690  
139172  
139170  
199851  
107299  
199853  
246252  
107296  
139191  
139190  
139188  
230711  
139199  
230718  
199869  
139195  
199871  
139192  
139136  
139137  
139138  
139139  
246216  
199818  
246217  
199819  
139149  
199816  
199817  
139151  
199822  
139145  
230671  
199820  
246223  
139147  
230672  
230673  
246227  
107295  
215127  
246231  
199835  
246233  
215131  
246232  
246234  
139161  
199838  
107281  
139160  
215212  
107491  
139112  
107494  
215209  
199787  
309300  
139106  
215206  
215207  
246051  
215200  
199777  
215201  
139109  
292182  
199749  
139075  
199747  
139077  
199745  
309264  
199744  
139096  
139097  
199771  
199768  
309257  
139088  
199766  
139089  
139090  
139093  
215272  
309368  
309369  
139054  
230824  
139052  
199725  
309373  
230829  
230818  
215265  
230819  
230816  
215267  
230822  
199717  
139042  
309367  
199736  
215289  
336620  
139071  
139068  
336622  
309355  
336623  
139066  
336617  
336618  
139064  
336612  
336613  
336614  
336608  
336610  
139021  
336607  
230793  
230794  
336605  
336604  
230797  
230798  
230799  
139013  
139012  
139015  
139014  
246085  
246087  
139011  
230809  
107413  
326795  
230808  
199704  
199705  
139032  
139034  
230815  
139028  
139029  
230800  
230803  
139031  
230802  
230807  
138993  
138992  
138995  
309669  
309666  
138997  
138996  
107133  
309664  
138999  
138998  
200190  
139005  
139004  
107125  
245926  
138979  
138984  
138985  
200172  
138986  
138987  
245928  
138988  
138989  
138990  
245917  
245916  
200132  
245895  
200128  
309663  
309662  
245896  
200139  
200113  
336751  
200127  
215395  
215394  
215398  
336752  
336753  
215403  
215402  
154222  
215406  
215405  
215376  
215377  
215379  
309700  
215381  
309702  
215383  
336717  
230426  
230427  
215385  
336719  
215387  
336715  
336724  
336725  
336726  
336721  
336722  
309718  
200071  
200072  
200073  
215373  
215374  
230653  
230655  
309546  
138878  
230651  
200054  
200055  
200049  
107262  
245805  
245807  
274617  
245801  
230632  
230633  
124455  
274613  
245797  
230628  
245796  
245798  
230631  
200036  
230626  
200032  
245790  
230623  
371210  
200030  
215454  
138846  
371215  
371214  
371213  
371212  
309514  
245782  
371203  
138838  
215441  
138836  
245776  
274561  
138831  
230600  
309524  
371218  
200007  
371216  
230597  
230592  
245760  
138812  
230587  
138815  
336872  
107197  
199984  
138806  
107198  
138801  
245865  
245867  
336891  
230560  
336886  
230561  
215520  
309616  
336885  
230562  
138782  
138783  
230559  
230557  
215505  
215509  
309592  
199945  
107143  
138764  
199949  
199948  
199950  
336852  
138758  
199941  
138755  
138754  
107144  
199943  
309591  
137610  
230153  
230152  
137614  
230154  
230149  
230148  
199298  
230145  
199296  
230146  
137625  
137627  
107794  
107795  
137628  
107798  
247771  
247770  
107800  
107801  
107802  
107803  
107804  
107805  
216685  
276348  
276346  
247784  
247782  
247783  
311031  
107823  
216675  
247776  
247807  
107826  
311020  
107827  
107824  
216703  
230202  
230203  
247802  
216697  
247801  
230200  
107828  
247800  
230201  
230199  
216693  
216694  
107839  
336927  
107846  
107840  
230223  
107843  
199372  
199362  
199361  
107848  
154908  
154904  
137689  
137688  
154906  
107868  
137685  
199378  
137684  
137687  
107871  
230228  
107864  
107866  
137683  
247743  
247741  
199411  
137473  
137472  
310874  
216779  
199190  
199189  
199186  
199187  
230300  
230297  
230298  
137506  
230318  
230327  
230326  
155121  
230324  
155125  
216829  
137528  
216704  
230340  
230342  
247561  
230345  
137548  
247563  
123142  
137545  
216718  
216719  
230350  
137547  
247566  
230353  
123164  
216723  
123165  
123166  
107999  
230357  
247572  
216727  
216726  
216725  
230358  
137564  
137566  
247578  
137567  
216728  
137562  
123154  
137574  
310833  
216737  
137573  
216744  
137582  
216745  
216749  
137577  
291708  
216753  
216755  
247600  
137586  
216763  
310828  
216764  
216767  
310830  
216924  
247518  
247516  
216920  
216921  
247514  
247512  
199573  
247510  
199574  
247508  
199569  
199571  
216900  
216897  
291502  
291503  
311277  
229945  
123127  
123128  
247536  
229938  
229939  
216936  
311286  
247525  
247526  
199589  
123115  
199586  
107565  
216930  
123117  
154654  
247451  
107607  
311179  
247448  
311180  
311181  
107614  
107612  
107613  
107610  
199624  
216841  
216845  
216835  
199623  
326507  
154672  
326521  
230039  
337344  
337345  
230036  
230032  
230047  
247391  
230045  
230044  
230042  
247384  
154818  
247363  
247361  
230024  
107705  
107704  
230077  
247422  
230079  
230074  
107688  
247399  
230049  
247405  
247404  
247401  
247400  
247402  
107743  
154774  
107741  
107737  
107735  
154780  
154759  
230083  
107724  
154754  
247303  
311064  
247306  
230131  
230135  
311083  
154812  
230138  
154809  
230141  
107760  
154788  
337335  
107757  
107758  
337333  
154791  
337332  
107759  
216998  
337331  
311094  
107752  
154785  
107753  
337330  
216997  
337343  
107748  
107749  
337341  
217001  
107744  
337339  
154794  
107746  
337337  
337336  
107747  
275834  
138158  
310521  
310520  
138159  
310523  
198826  
310522  
247278  
198828  
198829  
229677  
310527  
198830  
229667  
138150  
138151  
229666  
138148  
310515  
229664  
198819  
310514  
310517  
229670  
198822  
310518  
310504  
198841  
310506  
198845  
310508  
198844  
310509  
198846  
310511  
198832  
198835  
123901  
310499  
310500  
310502  
198839  
310503  
138160  
229643  
310489  
198796  
310492  
138114  
138142  
229661  
247204  
216124  
216125  
229756  
229748  
216119  
247180  
198858  
198859  
247175  
198848  
198879  
247199  
198877  
198876  
198874  
138207  
198872  
198870  
198869  
198688  
198697  
198698  
198701  
198702  
310369  
229810  
198707  
198708  
198709  
198710  
229818  
216315  
229817  
216317  
198716  
198717  
198718  
216256  
310357  
275933  
137995  
138004  
138007  
229781  
138000  
138001  
229783  
229785  
138012  
229784  
229787  
229789  
138009  
247079  
275893  
138080  
275892  
216225  
229856  
275901  
247085  
108512  
275900  
155566  
275898  
275897  
138098  
310309  
275879  
310311  
275874  
275875  
310304  
310307  
198780  
247102  
247100  
229831  
325843  
275859  
229826  
138057  
325851  
275865  
138061  
275864  
138063  
138062  
275846  
310274  
108511  
310272  
138072  
310286  
275854  
310285  
138076  
275848  
275849  
310762  
108084  
108085  
229435  
155263  
310766  
108081  
310764  
310765  
229424  
229425  
216432  
229426  
155248  
229429  
216425  
216431  
216429  
199064  
310721  
310722  
199048  
199044  
199045  
199046  
199047  
229500  
229502  
108147  
229496  
310696  
229499  
229492  
310694  
229494  
108158  
229490  
108159  
108129  
137960  
137961  
108128  
229484  
155179  
108131  
108130  
108133  
246952  
229482  
246955  
155168  
155171  
310709  
229479  
246950  
246951  
108141  
229472  
199136  
137959  
137946  
108112  
229468  
155161  
155166  
229462  
229463  
310661  
310662  
246933  
229460  
229458  
108124  
108125  
108099  
155145  
246924  
108103  
229450  
199114  
108100  
310677  
199108  
310676  
155143  
108110  
310675  
155141  
216566  
216569  
229536  
137767  
246883  
137761  
216551  
337906  
198955  
229545  
198953  
310648  
229547  
310649  
198957  
310652  
137748  
137746  
229527  
310597  
137747  
310599  
310598  
229531  
246874  
229529  
246872  
137756  
137754  
155355  
229534  
137755  
246876  
229532  
108176  
198913  
229506  
108174  
229507  
108175  
108170  
108171  
137729  
155328  
229508  
108168  
155329  
229512  
137737  
229516  
137736  
246836  
216503  
246838  
337830  
216497  
246846  
337832  
155323  
155325  
216506  
155327  
216486  
310582  
310583  
216487  
310580  
216483  
310590  
216492  
310588  
216493  
310584  
310585  
310529  
310528  
310530  
216477  
310541  
216476  
310540  
199005  
216479  
310543  
199006  
216478  
216473  
310549  
216453  
216454  
310551  
246787  
310545  
246785  
246797  
246796  
198985  
198984  
