140800  
112887  
112880  
122451  
122467  
202587  
132189  
202589  
202591  
202579  
202580  
218094  
295195  
130160  
244959  
202544  
191430  
191455  
191452  
140955  
217858  
191469  
191471  
191465  
210356  
130201  
191484  
191485  
210369  
132234  
312697  
132239  
191408  
132240  
210428  
191417  
210431  
191420  
210425  
209949  
122705  
191061  
209939  
122692  
191050  
122702  
209924  
202340  
202341  
202328  
217746  
202323  
217744  
209968  
202326  
209974  
209972  
217743  
202319  
191078  
217728  
209958  
113075  
191003  
294921  
190995  
217840  
190999  
202279  
191034  
294952  
122686  
122656  
113025  
217806  
113024  
191016  
113027  
191017  
122661  
191010  
202480  
113022  
202481  
113021  
113020  
202483  
202484  
113018  
202486  
113014  
113012  
210076  
217634  
147758  
112989  
112988  
217623  
112985  
112984  
112980  
112982  
112979  
112978  
112972  
112955  
122779  
112953  
112952  
217713  
122783  
112947  
112946  
112945  
217721  
112949  
112948  
112939  
112943  
202413  
112928  
112929  
112934  
217706  
112921  
202386  
191162  
112913  
112915  
112917  
112904  
122793  
112905  
122792  
112906  
191137  
112907  
217666  
112908  
217664  
112902  
272534  
272533  
245411  
245409  
132691  
210737  
121923  
132719  
272565  
272566  
121931  
130613  
210714  
130619  
130621  
210706  
210784  
210787  
190752  
190753  
236702  
130668  
130671  
130664  
190723  
130666  
130667  
190751  
202040  
289836  
130684  
202033  
130687  
130686  
202038  
202037  
113226  
217348  
130697  
113224  
217345  
130691  
130688  
113242  
113247  
113245  
113237  
113260  
113250  
113251  
113254  
130737  
130739  
130742  
113167  
236544  
113183  
113180  
130796  
130794  
202155  
202152  
236587  
202159  
202158  
202157  
202162  
113210  
113616  
113617  
113620  
226042  
210490  
130839  
113622  
201816  
113623  
201815  
113624  
226036  
226037  
113601  
190571  
113600  
113603  
113605  
201800  
130822  
113606  
113609  
190563  
113608  
113611  
113610  
113613  
201792  
113615  
113651  
190557  
148415  
113655  
190558  
130850  
122178  
113635  
190536  
130848  
210446  
113632  
122182  
210440  
130852  
122180  
113637  
210436  
130858  
113643  
130859  
113642  
130856  
130860  
210434  
210435  
201747  
113565  
210544  
113567  
148435  
122148  
217290  
217288  
201743  
201732  
201785  
113591  
201789  
217341  
113598  
113597  
201769  
113582  
113580  
190464  
217110  
217108  
217116  
217112  
130945  
190656  
190659  
190664  
190667  
130977  
190669  
210568  
210570  
130980  
131036  
217170  
217169  
190644  
190642  
225847  
131032  
201879  
140786  
201883  
225849  
201880  
210680  
201862  
225834  
140783  
217200  
190619  
131057  
201891  
217186  
236846  
192258  
219109  
192256  
219105  
192270  
289337  
113851  
219125  
201535  
236220  
219130  
219131  
113803  
121385  
219073  
113807  
121391  
113806  
192293  
113805  
201485  
192301  
192302  
192303  
192305  
121400  
121406  
201488  
201490  
113810  
113811  
113808  
113814  
219097  
113812  
113813  
201570  
219042  
113902  
219047  
226759  
113896  
113899  
192334  
148655  
226761  
192331  
113916  
289376  
192343  
113917  
289378  
113913  
113915  
113910  
201593  
192347  
201537  
131141  
289370  
236233  
192367  
113859  
192360  
113857  
289373  
192373  
192369  
219030  
219032  
192380  
226811  
192395  
236077  
192393  
201639  
201637  
209344  
192408  
192412  
219001  
192413  
192405  
192425  
192427  
209391  
129223  
192419  
236036  
192418  
218944  
113678  
192441  
192443  
192444  
113687  
192445  
192447  
236054  
296359  
192435  
129189  
121541  
129188  
121542  
121537  
209295  
129184  
201710  
218924  
192456  
218914  
113781  
218939  
243737  
296394  
113780  
113783  
243739  
201726  
113779  
209296  
236102  
113746  
209329  
218899  
209331  
192018  
192023  
208989  
311511  
208962  
295955  
236449  
192010  
192012  
114072  
114073  
114075  
295968  
114064  
209023  
209020  
209018  
201222  
208996  
208994  
208995  
131334  
114063  
201216  
148936  
131340  
192044  
209000  
148919  
192084  
148914  
114162  
114155  
201319  
218792  
192077  
201322  
201299  
192114  
236503  
236505  
236506  
201291  
148859  
148861  
236344  
236342  
289700  
148854  
209101  
148841  
209099  
209093  
113963  
209088  
218718  
201375  
131482  
201372  
113940  
113944  
201367  
113920  
148808  
192168  
236296  
148812  
113924  
201350  
148802  
148804  
192166  
131582  
209051  
148795  
148794  
148789  
114016  
209038  
148774  
148775  
131556  
192193  
209082  
218647  
209079  
218645  
209067  
113991  
209070  
209058  
113997  
209057  
209056  
209063  
113993  
209060  
192224  
209765  
209771  
139382  
139378  
139389  
209787  
139387  
191750  
191751  
235683  
139334  
235685  
209742  
114336  
131625  
131644  
131650  
120939  
120936  
120942  
131655  
191845  
209708  
114373  
209717  
120959  
120957  
191867  
120951  
114409  
114408  
191811  
209668  
114410  
191814  
209667  
114415  
131691  
191823  
114424  
191827  
209687  
227287  
191826  
139283  
201076  
139285  
120925  
191831  
201075  
209682  
191830  
209681  
114430  
139289  
114418  
139291  
201084  
114421  
120997  
121007  
201112  
191935  
209915  
209917  
209918  
218449  
209866  
209864  
120961  
209859  
114223  
139457  
114228  
209883  
114236  
209878  
209879  
209837  
114240  
209838  
114247  
209834  
191969  
139430  
121069  
139450  
114267  
288964  
114271  
209840  
131798  
288962  
114273  
114276  
121033  
191938  
121032  
209795  
114289  
191960  
149053  
114293  
139420  
288997  
121149  
191543  
114589  
121151  
131863  
191540  
121150  
114584  
191538  
191548  
131870  
121139  
209533  
191545  
218311  
191509  
191513  
200765  
191514  
9514  
131872  
209479  
209468  
209466  
200774  
191590  
191591  
200769  
121184  
9543  
218292  
200816  
121162  
209413  
209415  
209411  
121154  
191564  
209417  
149336  
121266  
200848  
218193  
218187  
121252  
121249  
114434  
129997  
218179  
209638  
114483  
121244  
121245  
209620  
200887  
191635  
209615  
200878  
209600  
191623  
130028  
200868  
200916  
209588  
209586  
121312  
200897  
121302  
218153  
200936  
121291  
121290  
9709  
121293  
189394  
189402  
128173  
120525  
120523  
297438  
189387  
120570  
120568  
189436  
219929  
128150  
219931  
143011  
204740  
143009  
134320  
120473  
134321  
134323  
134324  
134325  
128243  
128244  
220005  
128237  
220002  
220014  
134317  
128231  
189360  
120506  
120507  
189362  
189368  
212478  
189371  
120502  
120500  
189345  
212449  
212460  
189355  
189356  
212232  
128032  
128034  
288382  
128031  
189300  
128030  
110788  
110796  
120343  
204599  
128096  
120320  
120322  
204584  
204582  
142969  
128091  
142967  
204557  
189225  
120353  
219681  
212099  
189120  
204525  
110975  
110973  
110971  
110970  
110969  
219702  
110967  
110965  
204540  
189159  
120815  
204480  
204486  
297207  
204491  
189167  
189165  
189163  
204495  
128385  
189161  
204498  
204507  
120715  
120714  
120712  
110894  
110895  
189063  
120717  
189065  
204463  
189068  
189072  
204464  
110908  
110898  
189083  
288683  
110902  
120744  
120759  
189004  
189006  
204395  
189000  
189002  
204399  
204384  
204385  
211993  
204409  
204408  
120660  
204413  
211998  
211987  
288614  
204406  
212000  
212006  
204357  
212027  
189055  
111060  
204378  
204383  
189050  
111058  
204369  
189044  
134442  
120590  
120603  
134451  
134449  
243154  
120607  
110977  
188970  
120608  
110976  
110979  
120610  
188974  
120612  
110981  
110983  
110982  
110985  
110984  
110987  
110988  
110992  
243198  
110995  
110998  
204309  
111003  
111004  
111006  
120058  
111195  
212916  
204245  
111194  
120056  
111193  
111199  
212912  
111198  
212913  
111197  
120050  
111185  
212927  
120052  
219396  
212900  
212897  
120046  
212899  
219394  
120032  
120039  
120038  
120036  
111224  
111227  
120027  
111229  
120028  
111228  
212883  
120030  
287971  
111230  
111217  
111216  
287980  
111219  
111221  
111208  
111209  
111211  
111213  
111215  
111200  
111202  
111203  
111205  
297889  
111133  
297891  
111131  
212980  
111129  
204183  
111126  
204185  
204186  
287880  
234499  
287888  
234502  
234503  
204167  
234500  
228113  
204214  
111153  
111148  
204194  
111150  
315223  
111144  
111146  
204197  
119946  
111140  
297886  
228110  
228111  
228108  
119920  
228340  
228341  
297826  
228332  
111298  
228330  
297847  
111310  
297843  
188760  
188754  
188757  
188750  
188749  
188738  
212740  
188743  
212851  
111260  
111239  
111238  
111236  
287774  
212832  
111246  
111244  
111242  
111241  
111240  
111284  
212827  
111283  
111277  
111276  
128621  
111273  
219142  
135109  
305296  
120303  
219136  
219150  
135113  
234828  
135115  
219146  
135117  
135116  
219144  
120312  
135120  
120314  
120316  
120318  
188661  
120304  
120305  
111466  
120267  
288242  
135141  
111468  
188617  
219182  
188618  
219183  
188621  
188620  
111483  
111481  
111480  
120281  
111487  
135159  
111485  
120285  
120278  
219215  
219213  
111391  
212721  
111381  
212730  
234781  
188549  
120207  
120199  
288185  
135094  
120218  
135102  
212697  
120212  
212701  
129009  
111552  
111555  
212520  
203848  
128778  
120172  
128786  
111587  
120130  
120131  
203887  
120135  
111589  
212490  
120138  
120139  
120136  
120143  
120147  
135035  
120146  
203889  
158125  
111493  
128837  
111495  
158127  
111494  
158126  
111489  
120096  
111488  
111491  
111501  
120108  
120109  
111503  
111497  
111499  
111508  
120116  
219352  
111510  
120119  
111504  
120112  
120125  
120124  
111512  
219350  
111527  
203816  
111526  
111524  
111522  
111534  
111530  
203813  
111528  
111543  
120084  
120083  
158106  
111550  
120094  
142678  
111548  
111545  
111664  
111667  
111669  
111668  
111675  
221041  
111648  
221034  
142074  
221022  
142076  
203659  
203649  
298442  
203768  
298440  
111718  
111714  
111724  
111726  
127124  
127122  
159350  
220947  
111686  
127106  
111681  
190437  
298485  
111688  
127097  
111800  
190225  
159379  
127101  
111804  
221168  
159383  
119313  
190234  
159387  
111796  
127092  
111798  
190210  
241863  
221166  
203564  
119355  
119357  
111762  
111766  
119348  
203526  
159392  
127049  
203527  
141926  
203522  
203635  
203634  
111869  
203633  
111870  
203639  
203638  
203637  
203641  
203646  
203631  
203628  
203629  
221072  
111834  
190308  
221057  
190306  
221063  
111815  
221065  
221067  
203597  
190314  
190089  
228360  
228361  
111911  
190081  
111914  
127466  
203428  
203427  
111923  
133561  
133554  
190121  
111875  
111887  
111891  
111893  
111896  
190134  
133610  
190155  
190154  
190149  
203488  
190148  
133601  
133600  
190170  
119775  
133573  
133597  
220697  
133599  
133593  
220688  
133585  
189963  
133429  
133428  
189985  
189991  
133381  
189988  
112015  
242166  
133397  
242161  
119615  
133402  
190021  
190023  
127271  
220848  
220851  
220853  
190045  
220858  
220861  
133440  
133452  
190060  
133448  
190058  
190059  
190071  
190070  
234453  
234455  
234457  
133468  
133471  
133465  
234461  
133467  
112151  
242299  
242296  
203164  
127698  
112159  
189876  
112158  
112156  
112155  
112154  
189873  
112153  
189874  
189875  
127686  
118950  
211949  
118946  
133767  
133766  
133765  
112183  
189852  
112177  
127728  
112176  
203199  
118940  
112189  
233521  
118941  
112188  
211920  
112185  
112187  
127738  
112186  
112164  
112165  
112167  
314205  
112172  
112173  
127721  
127723  
112211  
119026  
112210  
119024  
112208  
112215  
189948  
112214  
112218  
112217  
112194  
112192  
112198  
112199  
112196  
119019  
112203  
119017  
119023  
189913  
127670  
112249  
112251  
112253  
242193  
127677  
112252  
112254  
233580  
233577  
233572  
233573  
211825  
112287  
112284  
112282  
203031  
112280  
112278  
189756  
112276  
286735  
112272  
203038  
189732  
286739  
112270  
112269  
203010  
112264  
112262  
286746  
189741  
203018  
112260  
203020  
112258  
203022  
112256  
141397  
211794  
127615  
141393  
203062  
286760  
112308  
112309  
133695  
112304  
112306  
133668  
118796  
133669  
112303  
189700  
203046  
133676  
203048  
133679  
112294  
112289  
112288  
133674  
112291  
112290  
203093  
133714  
203092  
118910  
203100  
203097  
133698  
242342  
133697  
211744  
211745  
298873  
242347  
211754  
211733  
211731  
141341  
203110  
189762  
189763  
203111  
127530  
203108  
203106  
189766  
203107  
203105  
211726  
189770  
189774  
134029  
202895  
202883  
228902  
202886  
134044  
202907  
189628  
202905  
189627  
202898  
202900  
119175  
141774  
112420  
119172  
112418  
112416  
202913  
202915  
134050  
112424  
119188  
202938  
189586  
134095  
127879  
189665  
127888  
127889  
220185  
202962  
189641  
189642  
189645  
233834  
189644  
119237  
233832  
287225  
202983  
189637  
189636  
189660  
220210  
220355  
127821  
220353  
127812  
133900  
287000  
202767  
127837  
127836  
189491  
202775  
127833  
127832  
127835  
127834  
286983  
202779  
127830  
127825  
127854  
202790  
202792  
202793  
127847  
189454  
159117  
314076  
298525  
127842  
133951  
202815  
202820  
220301  
202828  
202829  
202826  
202824  
202839  
119162  
133975  
159228  
159230  
189506  
127784  
127785  
133990  
202861  
133998  
202857  
220328  
112613  
127803  
127800  
127806  
127805  
119123  
127795  
127793  
202873  
127798  
195198  
294729  
136541  
195199  
294731  
109009  
213661  
221425  
195186  
126213  
241065  
145196  
108998  
108999  
145193  
136521  
213645  
109004  
213634  
126220  
109000  
109002  
186429  
136572  
109044  
109042  
109040  
198256  
213681  
151991  
213682  
294756  
213672  
109031  
213674  
118596  
109026  
118594  
109024  
213678  
195147  
198254  
109037  
294774  
213668  
213670  
294669  
221375  
195128  
294667  
195122  
241141  
136465  
205941  
213713  
118561  
213710  
118560  
118563  
198154  
186435  
233348  
145248  
186434  
136451  
152003  
195104  
186438  
118550  
294699  
294697  
118554  
118555  
221329  
108990  
145226  
186472  
198191  
108892  
118781  
213523  
108893  
198354  
198353  
108894  
108888  
213526  
108889  
198358  
108890  
108884  
108886  
108880  
213535  
186502  
108879  
108873  
118760  
118761  
118762  
108875  
108869  
213518  
108867  
213553  
240912  
108922  
198388  
186544  
198390  
108918  
299209  
198395  
213562  
108914  
233342  
294894  
213564  
108912  
213566  
294899  
186532  
108909  
213538  
294896  
213543  
108904  
108903  
213545  
108902  
108901  
108900  
108897  
108824  
186579  
136592  
108825  
108827  
108828  
108829  
213584  
108816  
198302  
108817  
108821  
213574  
233223  
136581  
108812  
233219  
213583  
233228  
213579  
136589  
213577  
213620  
108859  
108856  
213630  
108854  
186623  
198331  
195201  
195202  
108834  
108833  
195211  
221193  
221192  
108836  
108742  
108750  
108748  
233159  
108747  
108759  
299368  
195453  
108757  
108767  
108766  
108765  
108764  
118394  
118392  
108761  
108772  
108773  
118343  
108774  
108768  
198511  
118336  
118339  
108770  
118349  
108780  
118348  
108781  
186658  
108777  
108789  
126014  
118304  
195373  
108679  
186702  
136193  
136192  
186712  
108695  
126036  
108699  
198421  
108698  
126040  
108703  
108701  
108700  
108704  
108706  
108708  
108709  
126055  
126054  
198438  
195330  
108718  
108719  
198462  
108721  
221599  
108723  
233150  
108725  
198458  
108729  
136240  
233141  
118302  
195555  
108615  
213771  
108610  
213775  
151561  
108639  
221553  
221555  
136403  
221557  
221558  
108626  
221565  
221567  
118468  
108645  
118466  
118467  
118493  
198642  
198641  
136435  
136447  
198649  
198654  
108657  
136443  
108555  
108554  
108553  
108552  
118446  
108557  
108556  
65476  
108547  
65478  
126145  
108551  
65472  
108549  
108548  
195505  
108570  
108571  
108568  
198545  
118463  
108562  
118455  
108566  
186844  
118453  
221446  
195456  
294583  
108587  
108589  
126188  
299418  
221450  
221449  
221462  
118425  
221460  
108603  
118431  
221456  
151672  
195482  
108594  
118419  
126197  
108598  
221465  
197752  
197753  
197751  
118110  
126783  
194633  
137065  
194637  
118128  
213147  
206394  
206392  
118134  
118135  
213144  
206390  
206391  
213142  
213140  
118141  
118142  
206385  
194666  
126725  
126724  
126727  
118118  
194658  
186885  
118127  
194661  
194590  
194591  
187000  
109491  
187002  
109488  
194581  
213232  
197682  
186998  
213234  
118042  
197686  
118041  
118023  
186989  
213225  
213226  
186991  
186990  
213228  
109475  
186987  
213230  
186981  
118028  
186977  
118026  
197671  
118024  
126804  
194623  
118064  
118066  
109471  
186957  
126785  
186954  
197646  
194599  
194596  
213044  
194768  
109424  
194779  
126902  
213050  
213029  
213025  
213014  
213015  
118256  
126869  
118252  
194709  
194707  
118168  
213091  
197794  
118154  
118152  
118153  
118150  
118148  
118146  
194743  
194742  
213082  
197770  
213067  
213066  
187082  
197774  
294012  
117824  
241295  
136813  
197992  
294004  
197990  
294005  
109290  
294000  
294001  
294002  
197985  
293997  
194907  
293999  
247871  
194911  
194908  
241301  
241300  
293988  
293982  
194925  
109253  
293974  
194915  
194917  
293965  
293963  
293961  
126490  
194931  
194933  
213486  
213484  
213472  
187233  
136738  
194846  
197944  
213497  
194844  
194842  
247923  
213495  
197942  
109184  
109198  
197889  
213441  
194852  
194849  
194848  
117815  
109205  
117810  
213471  
109201  
197918  
109200  
293890  
109213  
109211  
109161  
109162  
195019  
195022  
232553  
109159  
222034  
117973  
117972  
198137  
232519  
198080  
213261  
109121  
294106  
294105  
109146  
109147  
195063  
195064  
195067  
195066  
109141  
241219  
152166  
126692  
152172  
109095  
187373  
109089  
109088  
198067  
109115  
109110  
126705  
109104  
109107  
198030  
194999  
109084  
126675  
117939  
109074  
136858  
222389  
197140  
196158  
187485  
285044  
125256  
204902  
204900  
117537  
197172  
204885  
214775  
204883  
197171  
204892  
204893  
110004  
197156  
214757  
197153  
197165  
125285  
196208  
117613  
204835  
117612  
204833  
196197  
110031  
196195  
117610  
117605  
197235  
197239  
204824  
204826  
197247  
204801  
110057  
117575  
110054  
232426  
110052  
197229  
117681  
293774  
117683  
187603  
187602  
109849  
214612  
187600  
196266  
196267  
196264  
197260  
187598  
205032  
196258  
196256  
196262  
214593  
109878  
109882  
109887  
187639  
109884  
109857  
187629  
196351  
109905  
125337  
125336  
109892  
197320  
222318  
109901  
204962  
204937  
152876  
204941  
152868  
204933  
204934  
117290  
196384  
284786  
284784  
109708  
109709  
109698  
109699  
196395  
232074  
109700  
109701  
117284  
196398  
196401  
205180  
284781  
205179  
196355  
196353  
109738  
196359  
109740  
196363  
284741  
222614  
109745  
284749  
215037  
109746  
215035  
109749  
205147  
284747  
196453  
205091  
214918  
205097  
196460  
197448  
197453  
196459  
109791  
109790  
222707  
293440  
109788  
117362  
293491  
197487  
205070  
196425  
300355  
152753  
300361  
196443  
196441  
187852  
187853  
187854  
196513  
187842  
196516  
205280  
187844  
205283  
205309  
205311  
205306  
205297  
205262  
214889  
135343  
300435  
300434  
300433  
117391  
109614  
109617  
135355  
109618  
135345  
196498  
205269  
300420  
135347  
196503  
135349  
152695  
117479  
284856  
117474  
197580  
205229  
205231  
300529  
205217  
214784  
300531  
205219  
205221  
284853  
117481  
197595  
197597  
284846  
197599  
205233  
109662  
284834  
197585  
205235  
109660  
284832  
197587  
284833  
109658  
284838  
109659  
205236  
197591  
109657  
205192  
109670  
187816  
284830  
187815  
109679  
197606  
109675  
109684  
284811  
205215  
109693  
109694  
187827  
109691  
195611  
188013  
196649  
196651  
196652  
195639  
293123  
293122  
293127  
293128  
195640  
293135  
196611  
143713  
195619  
143712  
195617  
222889  
187979  
125763  
196724  
196725  
205334  
110584  
205335  
110579  
110582  
110580  
205316  
240516  
110568  
195650  
110574  
195652  
110563  
110566  
205321  
196713  
110567  
110565  
196714  
110553  
161267  
214150  
222948  
214148  
222946  
110542  
222944  
117092  
195741  
293290  
293294  
136122  
293293  
196785  
136114  
214121  
214125  
196783  
195717  
214117  
214119  
222776  
222774  
222773  
293279  
136186  
136184  
285576  
195807  
196855  
136182  
196844  
125858  
125859  
214063  
125856  
136175  
196842  
222789  
196836  
195778  
195780  
125840  
125843  
293326  
125842  
196827  
125846  
196821  
125855  
125837  
195812  
285264  
196899  
110254  
196902  
195855  
110246  
195853  
195852  
205650  
116760  
205654  
110267  
188281  
125510  
110212  
285304  
125509  
292889  
125507  
110211  
188235  
316414  
125534  
188244  
188245  
205683  
188242  
205687  
110231  
196888  
110230  
110229  
110228  
188195  
196966  
125483  
188199  
214434  
125487  
214432  
125473  
196974  
214444  
196970  
285209  
205590  
196980  
116829  
240281  
223206  
116841  
285235  
223201  
292944  
205610  
125464  
205616  
285218  
205618  
188184  
125458  
125459  
292942  
285230  
188186  
223231  
292941  
125462  
188188  
292937  
195982  
214378  
195983  
214376  
195976  
293041  
214374  
293034  
293035  
110129  
293024  
195990  
110139  
293019  
110087  
110086  
110085  
214339  
188352  
196997  
110089  
214343  
110088  
285423  
285421  
197011  
223026  
196042  
285341  
293119  
196044  
285339  
196035  
196032  
116943  
293100  
196058  
196057  
196056  
196062  
316168  
116956  
223057  
223087  
293085  
196077  
196065  
285365  
214279  
293071  
196095  
293060  
285348  
196083  
293056  
193262  
292827  
301305  
301310  
301309  
215570  
106846  
193269  
223351  
193279  
200410  
193276  
200408  
208000  
208001  
215588  
208006  
215591  
208008  
208012  
200437  
106874  
208023  
106872  
208022  
106866  
106867  
238876  
200447  
106864  
106865  
208103  
215630  
200332  
106755  
208106  
106757  
106756  
208104  
116664  
116671  
223294  
106768  
116659  
200354  
200355  
215661  
116634  
223253  
106802  
106948  
124167  
106950  
231360  
200256  
215685  
207934  
116548  
138601  
193093  
223427  
193105  
106880  
223405  
193058  
193057  
223422  
116532  
246614  
193034  
193027  
193029  
193049  
193044  
207953  
208288  
208290  
208294  
208296  
116452  
215820  
215858  
193493  
200695  
200693  
138482  
215870  
215868  
200682  
193457  
208372  
223539  
200583  
116397  
223529  
208336  
193435  
200614  
193408  
116342  
106711  
116340  
68400  
215967  
106719  
106718  
106717  
200530  
106713  
215944  
208161  
215940  
215942  
208166  
193378  
193375  
106737  
193366  
193364  
106751  
193365  
106747  
193361  
106725  
106726  
193357  
116295  
193356  
106720  
106722  
215980  
215970  
193348  
106728  
215974  
193346  
106730  
215972  
193344  
116273  
193328  
208244  
116282  
208242  
123971  
193321  
193323  
116257  
193325  
193326  
193306  
193305  
200506  
193298  
200503  
116225  
200495  
208207  
193282  
208195  
193285  
107371  
107369  
107368  
139238  
107375  
199905  
107373  
215084  
215081  
107366  
107379  
215101  
192728  
192730  
107382  
107383  
107380  
107341  
107329  
199886  
107328  
107331  
107332  
116217  
215062  
107355  
107358  
116222  
223870  
223868  
215064  
107311  
107310  
107306  
107305  
107304  
107302  
139183  
107299  
107298  
107297  
107296  
301702  
107319  
107316  
107315  
116113  
107279  
107273  
139137  
107272  
107292  
162102  
107295  
107288  
199831  
199829  
192703  
107283  
208392  
116044  
116050  
107506  
107505  
116058  
116060  
116065  
107457  
116064  
208429  
107462  
192610  
116075  
192612  
208416  
199771  
116087  
199766  
116088  
116089  
208457  
107431  
107428  
246120  
107429  
107426  
208461  
107439  
208451  
107436  
208450  
107434  
208453  
246118  
107433  
107447  
223897  
223899  
107444  
208476  
107441  
208464  
208466  
107449  
208490  
208488  
246093  
223917  
107405  
107406  
116008  
223926  
223925  
107133  
107134  
200176  
200190  
107104  
224077  
192969  
302040  
193011  
215319  
208817  
193012  
115955  
115953  
115950  
200142  
115942  
208808  
208809  
208810  
200127  
115842  
124637  
224054  
200087  
224055  
200086  
200089  
192957  
115792  
192859  
215486  
239263  
200038  
200036  
107219  
284204  
115831  
200020  
107225  
107184  
115713  
138789  
192828  
107157  
199952  
107143  
199947  
199946  
199948  
107137  
215488  
199941  
115754  
137610  
115624  
199296  
107794  
107795  
137628  
199313  
107811  
137642  
107810  
237902  
216682  
216676  
115592  
216679  
216678  
107822  
199330  
216675  
317513  
107830  
194205  
216694  
216587  
302330  
207016  
302329  
107843  
317490  
107861  
115703  
137695  
137689  
107856  
194298  
107857  
107858  
115709  
137684  
137687  
115705  
199381  
137683  
216632  
194270  
194265  
194261  
115678  
107900  
115677  
194262  
115675  
107898  
107896  
194082  
115499  
194080  
194087  
194090  
199182  
194089  
115495  
216777  
115504  
137497  
115507  
194049  
115467  
194050  
206927  
194061  
107941  
115482  
115480  
199216  
115474  
107955  
194073  
199229  
216711  
194158  
107998  
216727  
123160  
216726  
199258  
199263  
199260  
199266  
206853  
108002  
108000  
108031  
108029  
206875  
207357  
107536  
107543  
207352  
207355  
123098  
115384  
317793  
107550  
107551  
115389  
107523  
107525  
107531  
107535  
107534  
107532  
194451  
302468  
107553  
107555  
302491  
107559  
107615  
207283  
224619  
107588  
194532  
194530  
107638  
115409  
107632  
107634  
194515  
302534  
194514  
207242  
199658  
194506  
199660  
137444  
199650  
194502  
194500  
199648  
194498  
115402  
115257  
107666  
207229  
107665  
107669  
107662  
107663  
107660  
107661  
199435  
107706  
194331  
194328  
194329  
107703  
194332  
107702  
107688  
107689  
199461  
107690  
199459  
207177  
199504  
115322  
194417  
137296  
107733  
107731  
107724  
107725  
115305  
199494  
137295  
194409  
194408  
199502  
107775  
107774  
217015  
194398  
291432  
194396  
194394  
207104  
107749  
108327  
108325  
108323  
163082  
108321  
108320  
229676  
229667  
108335  
229666  
108333  
108332  
229664  
216165  
108331  
229670  
108330  
108329  
108328  
198841  
216185  
207569  
216139  
108295  
229645  
108297  
108299  
229658  
207615  
108304  
108306  
216146  
108316  
229650  
216144  
108319  
229652  
108313  
229654  
207605  
193738  
163151  
193742  
193745  
193747  
193749  
229701  
216069  
193760  
229697  
193766  
229696  
229699  
115185  
207543  
198869  
207541  
138023  
198689  
229792  
138016  
138026  
138025  
138024  
198702  
198707  
198709  
207446  
198718  
283504  
283506  
137997  
137996  
137999  
138004  
207474  
138005  
115006  
138000  
198678  
138001  
138012  
198683  
138013  
138009  
229862  
115019  
207364  
138080  
207361  
193607  
198764  
108512  
108513  
138094  
207382  
198768  
207388  
138104  
138105  
198727  
198726  
207400  
138066  
138069  
108508  
108081  
199090  
216432  
137904  
216429  
108066  
108077  
108048  
193969  
193970  
108039  
193964  
108038  
193966  
193962  
199042  
108042  
108041  
216383  
137969  
137968  
137970  
137960  
199146  
137967  
137959  
108114  
194043  
137945  
194042  
194047  
194046  
108117  
108120  
310663  
216321  
216567  
216570  
225178  
225180  
198951  
216551  
198956  
145534  
137732  
114728  
193878  
108284  
108273  
108272  
108275  
193880  
108274  
108279  
108278  
108264  
108266  
216484  
108268  
310579  
108269  
108270  
108260  
229609  
193904  
108251  
193906  
193907  
225276  
216473  
108234  
193889  
108235  
108238  
108236  
