492274,4,0,2012-11-28 03:56:33,116.4861145,39.9069862,71,270,1
492274,4,0,2012-11-28 03:56:43,116.4836273,39.9070168,82,270,1
492274,4,0,2012-11-28 03:56:53,116.4809723,39.907032,78,270,1
492274,4,0,2012-11-28 03:56:58,116.4796906,39.9070435,76,270,1
492274,4,0,2012-11-28 03:57:03,116.4784546,39.9070473,78,270,1
492274,4,0,2012-11-28 03:57:14,116.4761734,39.9071159,47,276,1
492274,4,0,2012-11-28 03:57:25,116.4741745,39.9071617,65,270,1
492274,4,0,2012-11-28 03:57:36,116.4724045,39.9073105,19,270,1
492274,4,0,2012-11-28 03:57:47,116.4721985,39.9073143,0,0,1
492274,4,0,2012-11-28 03:57:58,116.4721603,39.9072952,12,272,1
492274,4,0,2012-11-28 03:58:09,116.4713745,39.9072723,32,268,1
492274,4,0,2012-11-28 03:58:20,116.4700546,39.9072227,45,268,1
492274,4,0,2012-11-28 03:58:31,116.4681091,39.9072189,58,270,1
492274,4,0,2012-11-28 03:58:34,116.4675598,39.9072418,52,270,1
492274,4,0,2012-11-28 03:58:42,116.4663849,39.9072418,45,270,1
492274,4,0,2012-11-28 03:58:53,116.4647446,39.9073067,41,272,1
492274,4,0,2012-11-28 03:59:04,116.4635162,39.9073257,30,270,1
492274,4,0,2012-11-28 03:59:15,116.4620514,39.9072914,51,270,1
492274,4,0,2012-11-28 03:59:26,116.4601974,39.9072609,52,274,1
492274,4,0,2012-11-28 03:59:37,116.4582214,39.9073143,52,270,1
492274,4,0,2012-11-28 03:59:48,116.456665,39.9073715,25,272,1
492274,4,0,2012-11-28 03:59:59,116.4564514,39.9079514,39,2,1
492274,4,0,2012-11-28 04:00:10,116.4563675,39.909008,43,340,1
492274,4,0,2012-11-28 04:00:10,116.4563675,39.909008,43,340,1
492274,4,0,2012-11-28 04:00:21,116.4560852,39.9102516,54,358,1
492274,4,0,2012-11-28 04:00:32,116.4560318,39.9114227,34,356,1
492274,4,0,2012-11-28 04:00:43,116.4559937,39.9119415,0,324,1
492274,4,0,2012-11-28 04:00:54,116.4559937,39.9119415,0,0,1
492274,4,0,2012-11-28 04:01:05,116.4559937,39.9119415,0,0,1
492274,4,0,2012-11-28 04:01:16,116.4559937,39.912262,30,358,1
492274,4,0,2012-11-28 04:01:27,116.4559021,39.9134026,51,356,1
492274,4,0,2012-11-28 04:01:38,116.4558029,39.9149971,63,356,1
492274,4,0,2012-11-28 04:01:46,116.4556961,39.9163971,69,356,1
492274,4,0,2012-11-28 04:01:49,116.4557343,39.916832,65,356,1
492274,4,0,2012-11-28 04:02:00,116.4556885,39.9179916,41,358,1
492274,4,0,2012-11-28 04:02:11,116.4557648,39.9186516,0,318,1
492274,4,0,2012-11-28 04:02:22,116.4557648,39.9186516,0,0,1
492274,4,0,2012-11-28 04:02:33,116.4557648,39.9186516,0,0,1
492274,1,1,2012-11-28 04:02:41,116.4557419,39.9187012,15,356,1
492274,4,1,2012-11-28 04:02:44,116.4557266,39.9188614,26,354,1
492274,4,1,2012-11-28 04:02:55,116.4556503,39.91996,84,322,1
492274,4,1,2012-11-28 04:03:06,116.4557953,39.9215813,51,0,1
492274,4,1,2012-11-28 04:03:17,116.4557037,39.9230728,62,358,1
492274,4,1,2012-11-28 04:03:22,116.4557037,39.9238548,58,358,1
492274,4,1,2012-11-28 04:03:28,116.4556656,39.9247017,56,354,1
492274,4,1,2012-11-28 04:03:39,116.4556808,39.9263115,58,0,1
492274,4,1,2012-11-28 04:03:50,116.4555054,39.9280472,67,0,1
492274,4,1,2012-11-28 04:04:01,116.4556046,39.9300995,78,0,1
492274,4,1,2012-11-28 04:04:12,116.4556274,39.9322205,73,358,1
492274,4,1,2012-11-28 04:04:23,116.4556732,39.934391,84,358,1
492274,4,1,2012-11-28 04:04:34,116.4556961,39.9364929,65,0,1
492274,4,1,2012-11-28 04:04:45,116.4558334,39.9380112,58,0,1
492274,4,1,2012-11-28 04:04:56,116.455864,39.9395294,32,0,1
492274,4,1,2012-11-28 04:04:58,116.455864,39.9396362,12,358,1
492274,4,1,2012-11-28 04:05:07,116.4558563,39.9396515,0,0,1
492274,4,1,2012-11-28 04:05:18,116.4558563,39.9396515,0,0,1
492274,4,1,2012-11-28 04:05:29,116.4558563,39.9396515,0,0,1
492274,4,1,2012-11-28 04:05:40,116.4558563,39.9396515,0,0,1
492274,4,1,2012-11-28 04:05:51,116.4558563,39.9396515,0,0,1
492274,4,1,2012-11-28 04:06:02,116.4558411,39.940094,38,358,1
492274,4,1,2012-11-28 04:06:13,116.4558563,39.941433,54,0,1
492274,4,1,2012-11-28 04:06:24,116.455864,39.9430885,65,0,1
492274,4,1,2012-11-28 04:06:34,116.4558563,39.9447479,69,0,1
492274,4,1,2012-11-28 04:06:35,116.4558563,39.9449234,69,0,1
492274,4,1,2012-11-28 04:06:46,116.4559097,39.9466057,52,358,1
492274,4,1,2012-11-28 04:06:57,116.4559555,39.9478874,26,16,1
492274,4,1,2012-11-28 04:07:08,116.4571075,39.9483643,52,66,1
492274,4,1,2012-11-28 04:07:19,116.4591675,39.9490051,62,66,1
492274,4,1,2012-11-28 04:07:30,116.4610672,39.9496155,51,66,1
492274,4,1,2012-11-28 04:07:41,116.4620514,39.9498863,2,64,1
492274,4,1,2012-11-28 04:07:52,116.4620438,39.9498863,0,0,1
492274,4,1,2012-11-28 04:08:03,116.4620438,39.9498863,0,0,1
492274,4,1,2012-11-28 04:08:10,116.4621124,39.9498367,17,128,1
492274,4,1,2012-11-28 04:08:14,116.4622192,39.9496651,21,174,1
492274,4,1,2012-11-28 04:08:25,116.4622498,39.9490471,19,174,1
492274,4,1,2012-11-28 04:08:36,116.4622421,39.9489441,0,0,1
492274,4,1,2012-11-28 04:08:47,116.4622421,39.9489441,0,0,1
492274,4,1,2012-11-28 04:08:58,116.4622421,39.9489441,0,0,1
492274,4,1,2012-11-28 04:09:09,116.4622421,39.9489441,0,0,1
492274,4,1,2012-11-28 04:09:20,116.4624939,39.948864,17,2,1
492274,4,1,2012-11-28 04:09:31,116.4618683,39.9499207,30,356,1
492274,4,1,2012-11-28 04:09:42,116.4620132,39.9510384,43,356,1
492274,4,1,2012-11-28 04:09:46,116.4620132,39.9514427,39,356,1
492274,4,1,2012-11-28 04:09:53,116.4619751,39.9521065,36,356,1
492274,4,1,2012-11-28 04:10:04,116.4619522,39.9524269,0,0,1
492274,4,1,2012-11-28 04:10:15,116.4619446,39.953022,38,356,1
492274,4,1,2012-11-28 04:10:26,116.4619598,39.9538383,8,0,1
492274,4,1,2012-11-28 04:10:37,116.461998,39.9538383,8,30,1
492274,4,1,2012-11-28 04:10:48,116.4621353,39.9539833,8,64,1
492274,4,1,2012-11-28 04:10:59,116.4625931,39.9540977,12,72,1
492274,4,1,2012-11-28 04:11:10,116.4630127,39.9541969,0,0,1
492274,4,1,2012-11-28 04:11:21,116.4632187,39.9542427,6,70,1
492274,4,1,2012-11-28 04:11:22,116.4632416,39.9542503,6,66,1
492274,4,1,2012-11-28 04:11:32,116.4634628,39.9543037,6,72,1
492274,4,1,2012-11-28 04:11:43,116.4636612,39.954361,4,6,1
492274,4,1,2012-11-28 04:11:54,116.463623,39.9546127,10,352,1
492274,4,1,2012-11-28 04:12:05,116.4636459,39.9549065,10,18,1
492274,4,1,2012-11-28 04:12:16,116.4637909,39.9552116,10,26,1
492274,4,1,2012-11-28 04:12:27,116.4639282,39.9554825,10,20,1
492274,4,1,2012-11-28 04:12:38,116.4640808,39.9557114,10,44,1
492274,4,1,2012-11-28 04:12:49,116.4644089,39.9559517,17,48,1
492274,4,1,2012-11-28 04:12:58,116.4646759,39.9561348,4,38,1