312730 3
382620 4
312731 2
382621 3
312728 4
382622 1
382623 4
210190 1
312734 2
382616 25
210191 1
210188 1
210178 1
382613 25
225730 2
382614 1
210176 2
382615 1
210182 2
140800 1
312724 1
191325 1
312713 1
312712 3
312718 4
105106 2
312716 1
225746 1
140821 1
244881 1
382592 1
312710 1
334786 4
334784 1
312766 1
191328 1
244922 2
244923 1
225785 1
244926 1
334825 1
105148 1
312739 1
312741 2
225679 1
312798 1
225678 2
312797 2
312794 2
140877 2
312792 1
140879 1
140889 1
225694 1
382665 15
382664 1
312782 2
225692 3
382666 3
140892 1
225688 1
225687 1
140883 12
225682 3
225680 1
225681 1
140907 3
225711 2
225705 9
140911 1
225707 9
225701 8
382706 4
225700 9
382704 2
225703 10
105192 3
225697 1
225696 1
140903 1
105197 2
225698 3
334761 2
225724 2
140920 2
334765 9
382702 3
334766 1
334752 6
334755 13
140912 1
105214 4
225713 1
210291 1
140917 1
334758 4
105213 1
210307 1
210305 1
140935 2
225600 2
334676 5
225606 1
210308 1
334672 1
244744 1
225608 7
140937 1
140938 1
122562 1
191446 1
191447 6
140950 1
210320 2
210324 2
244759 1
140956 5
191455 29
191452 19
140958 1
210334 1
191450 5
191451 2
140955 4
210337 1
244769 1
156258 1
191456 1
191471 1
191476 1
210352 1
191478 2
191472 1
191473 1
210358 1
244789 2
191474 2
244788 3
210360 1
140990 2
191484 2
140991 2
191480 1
140986 1
140992 1
312661 1
210371 1
210369 2
244812 1
312671 2
312666 1
141004 1
244811 1
312664 1
382531 5
382533 3
382535 4
382536 2
191386 1
225566 2
382537 19
382538 2
382540 2
244838 2
244839 1
210404 3
210406 2
382582 7
312701 1
244846 4
382587 7
244847 6
382586 3
191403 1
244844 1
244842 2
382590 10
382589 10
244855 1
312676 1
225589 1
122555 1
225585 3
312673 2
225587 3
191417 1
191420 1
312457 1
105360 5
141080 1
141077 2
141075 1
294981 1
141070 1
105351 1
141071 2
245129 1
225483 1
141069 1
245128 1
209931 1
105348 1
141066 1
141067 1
245134 1
105346 1
105344 5
225477 1
245127 1
191040 2
209924 4
209925 1
209926 12
209927 1
122741 2
191102 1
245177 6
105399 1
105392 5
122739 2
245183 1
105405 2
312480 1
105407 2
105381 7
105380 5
141102 4
225518 2
225517 1
105389 3
191078 2
225506 3
141095 1
105385 1
209958 2
225510 2
209957 1
105386 4
245214 1
245215 7
141145 1
245212 1
245213 7
334477 1
245210 1
225432 1
245208 2
141138 1
245204 2
141143 1
210000 1
122654 1
312540 1
209997 1
141128 1
225423 2
245196 1
105408 1
225417 1
294936 1
225413 1
225409 3
312528 1
312529 1
245244 4
191034 1
245245 4
245238 1
245239 1
141173 1
245233 1
191030 3
122656 2
191019 1
245231 2
191016 15
191017 5
245226 2
245221 6
122665 1
122666 1
245217 2
245219 5
245218 6
334400 1
141203 1
312327 1
141214 1
245019 1
141215 1
245018 2
312330 2
334415 3
105236 3
122834 2
420738 1
295119 1
225344 1
225345 1
122830 1
225346 1
105226 5
312341 1
105224 2
312343 2
312342 1
312345 5
225352 1
245003 1
312347 1
312349 5
312348 2
312351 1
245005 1
351911 1
225395 2
105277 1
225399 1
334446 1
105269 4
334447 1
351918 2
334444 4
225400 1
334445 3
225407 2
105265 1
105264 3
141221 1
225378 5
245025 1
245026 3
334451 1
334449 1
141229 1
225391 1
210132 1
105307 2
105306 2
312391 1
225296 3
105310 1
245074 1
105309 1
105308 1
312399 1
245084 1
312392 1
191133 1
312394 1
334350 2
105301 1
105290 2
141249 1
312407 1
334355 1
141248 1
105294 2
225281 2
295058 1
334359 5
105282 1
245070 1
225292 2
225290 1
312417 1
210174 1
334378 4
191163 1
334376 1
122793 1
105320 4
122792 1
295092 1
334391 6
225314 1
225315 1
191146 1
122787 1
334393 10
334392 1
141293 1
122789 1
313276 1
313268 1
245415 2
313270 1
313265 1
313261 1
155899 1
313256 1
313249 1
155894 2
313242 1
382096 12
313236 1
334289 7
382089 11
382088 1
382091 25
382090 1
382093 17
382092 1
382095 1
382080 2
245392 1
210795 1
210796 1
210797 2
245485 1
210799 1
190756 2
295728 2
121900 1
245473 1
210787 2
210788 4
190752 12
190753 28
190755 2
210809 5
210801 1
210805 2
245492 3
226230 1
210762 1
226190 1
190726 1
382160 11
121865 1
190723 2
382161 11
190751 9
382157 18
382156 18
226201 2
210783 2
210782 1
210781 1
210780 1
210771 1
210770 1
313281 1
226159 3
295931 1
245303 2
226164 1
226160 2
245308 4
245306 2
313115 1
334144 1
334149 2
155684 3
334134 1
155682 2
155681 1
334141 1
382079 1
245355 1
334138 1
295841 1
87354 1
295849 3
295851 2
155652 1
155649 1
155650 1
245327 2
155669 1
245329 1
155668 1
210896 1
155676 1
313007 1
313006 1
312999 1
245684 2
312998 1
245685 1
245681 1
122208 1
245676 1
226030 1
226029 1
122211 1
226028 2
245674 1
122217 1
226019 1
226017 1
312975 1
226005 1
382338 20
382342 10
245647 1
245640 1
312981 1
122190 1
225976 2
245755 7
245756 2
245757 1
245758 6
295456 1
313063 1
313061 1
225973 1
295482 1
225955 1
245729 1
295474 1
245728 1
295479 1
225944 2
245726 1
225948 2
333956 1
245713 3
225941 1
225942 2
295449 3
225929 5
225931 9
245705 2
245710 3
295455 1
156041 1
245709 3
156038 1
245703 3
190464 17
225927 5
245700 1
245557 1
245559 2
225894 7
225895 1
225892 1
225891 1
140713 1
190698 1
225898 1
225885 1
225887 7
225861 1
312849 3
225859 2
190667 3
190669 1
190671 1
140788 1
190646 1
190647 1
140789 1
190644 1
245619 2
245621 2
245623 2
245625 2
140797 1
382317 1
225850 1
140798 1
140799 1
190650 1
382312 1
245629 6
382313 1
245628 1
245631 3
245630 1
312945 1
382327 9
312949 1
382329 13
382328 13
140761 2
225822 2
382295 11
382294 12
225793 2
382292 18
382291 2
382290 3
225797 1
382289 16
225799 1
225806 1
106185 5
121353 1
106184 4
121354 1
311764 3
192256 18
106187 1
209218 1
311763 1
106191 1
311760 1
209217 1
121344 1
121345 1
311775 5
243919 1
121347 1
121348 1
121349 1
311768 1
243924 2
192279 1
106205 2
243921 2
106193 3
296204 1
296202 2
311755 2
192288 1
381680 11
366135 2
366134 2
296253 1
209260 1
209261 1
366138 2
209263 1
139886 2
192301 4
296251 1
192303 43
209269 1
296228 1
192305 30
106234 2
121402 1
366115 1
296230 1
192307 1
121406 1
209267 1
106236 1
106237 1
311784 2
296234 1
381677 1
209154 1
106125 2
226755 1
106124 2
209152 1
121422 1
226753 1
209158 10
121416 3
121417 1
226757 1
209156 2
106117 1
106116 2
106113 2
106140 1
106141 6
139799 2
192341 1
106142 6
106143 1
226778 3
381581 18
121429 2
106132 5
381580 10
226779 2
226776 1
121430 2
121425 1
381577 3
226782 1
106129 2
226780 2
381579 15
209180 3
381578 3
106131 4
381620 7
209186 10
209189 2
209190 2
226791 3
209191 2
209192 1
226793 1
121444 1
226794 5
192360 1
226796 2
121443 1
226799 1
106174 2
121470 4
106168 6
106166 2
226809 1
209211 3
106164 5
106165 6
209215 2
139979 1
192393 1
106050 1
106051 3
311642 6
121479 1
311641 1
139982 1
121481 1
121483 1
121484 1
209344 1
139992 1
226591 3
226590 1
311628 1
226588 4
106069 1
226586 6
311624 2
311622 2
226582 6
139986 1
226581 5
226580 1
311616 2
192404 1
381563 3
192425 20
192424 2
192427 17
226600 1
192428 1
226602 1
243810 1
192423 18
226595 1
192440 1
209404 4
192441 1
226623 2
106103 1
106102 6
106101 1
209403 3
106107 4
226612 1
106105 1
106110 2
121541 12
209291 2
311578 2
311577 1
121543 10
121542 13
139913 1
209295 1
121537 12
209293 2
226636 1
311580 1
209283 1
139910 1
311568 1
209286 4
311574 1
311562 1
121557 2
121558 9
209305 1
121559 9
226653 1
209308 1
311554 1
106013 2
311555 1
106012 2
226641 1
311552 1
121563 1
311609 1
311613 1
121571 8
121569 1
209315 1
106038 2
106036 6
106035 2
106033 1
106032 3
209328 1
106047 2
209329 3
209333 1
106040 2
311495 2
244180 3
244178 2
244179 2
106460 1
311501 1
311502 1
106454 6
140127 1
226457 1
106455 1
226437 1
226436 1
244164 4
244163 1
311504 1
208961 1
226434 5
244160 2
106435 1
106433 1
208968 1
106439 1
244170 2
244169 2
140147 1
106490 4
244215 2
244208 1
106492 3
244209 1
311522 1
106493 2
157622 1
244220 13
226494 6
244221 3
226495 4
244223 1
244216 1
244217 1
311543 2
106472 4
311540 1
311550 1
244205 1
311548 2
244201 1
311546 5
244202 1
226512 1
381829 2
226515 1
208917 13
157651 1
208916 1
208919 7
226520 2
381839 2
244123 1
208920 5
244127 1
140038 2
208896 5
140039 2
381847 1
226498 1
140034 1
244103 2
381855 2
244105 2
381849 1
208944 6
311456 1
244157 3
244158 2
208956 1
140068 1
244129 8
208931 1
244128 1
244131 7
244130 9
208934 1
106409 1
244133 4
140065 1
208935 2
208932 1
106411 3
106410 3
244134 3
208938 16
208937 1
208943 1
157674 1
209116 2
244063 1
311372 1
381770 3
311373 1
311374 2
381768 12
381769 1
335371 14
335372 2
209112 6
381762 14
244054 9
244053 3
244052 19
381766 8
244051 1
381767 2
244050 4
244049 2
381765 6
244048 3
209101 5
209100 2
244044 3
244040 1
209099 5
244041 1
244039 1
209095 1
244036 5
244034 2
311377 1
335402 11
244093 1
335403 18
311407 1
381802 2
244095 6
381803 1
335406 2
209144 1
209145 1
244085 1
335395 1
209140 1
209139 1
244076 1
209135 16
209134 11
244078 1
209133 19
209129 2
209128 1
226342 1
244068 1
244069 1
381811 1
192166 15
244066 1
311409 1
296137 1
121814 1
121815 1
296139 1
226395 1
243993 2
209050 1
192223 2
209051 3
106258 1
106257 2
243996 2
106256 3
226385 12
381700 10
121820 1
311299 1
226386 1
121818 1
226389 1
192209 1
226388 1
243978 2
243976 2
140169 1
192203 3
243970 1
121806 6
121805 3
192193 2
243975 2
226374 3
226426 1
209081 1
381736 21
381737 16
244031 2
381739 8
381732 14
226419 1
226417 1
381731 2
209065 1
296190 1
381753 8
381752 8
296189 1
209059 2
209058 7
209057 7
209056 4
296182 1
209063 1
192226 1
192225 1
335285 7
335286 2
139362 1
227237 2
227239 1
209767 2
381182 2
105702 1
227243 1
105701 1
209771 3
139370 1
139383 1
244464 1
139380 1
139378 1
244471 1
244468 1
312301 2
209791 4
227263 1
105677 2
139334 1
312273 1
227205 1
105675 2
244425 1
244424 1
244429 2
139349 1
105692 4
105693 3
227222 1
209751 1
244436 1
381121 25
312263 1
381120 19
244438 1
227221 1
381122 1
244440 1
105684 1
139356 1
105686 1
209752 1
312268 1
139299 1
105641 4
105640 3
209703 1
296817 1
244385 1
296829 2
120930 6
120931 4
312254 2
296830 1
120929 9
381118 19
381119 4
296827 1
120932 5
296826 1
381117 1
296804 1
191857 1
209717 2
296806 1
139313 1
312224 2
296802 1
139317 1
191865 1
227327 3
139327 1
296809 1
139264 1
381072 1
335315 17
105611 1
335318 5
335319 10
244352 4
139269 1
335316 6
335323 12
312223 3
335320 3
312221 1
139277 1
139278 1
139279 1
105606 1
156878 1
244372 1
139283 1
244368 1
139285 1
244371 1
381062 5
139289 1
139291 1
139293 1
335311 3
335310 1
312201 6
105574 1
227112 6
335164 1
105575 1
227113 1
105572 1
105573 1
209901 1
105570 3
105571 1
227117 1
244322 1
121007 25
244323 1
244326 1
312181 1
227109 4
244324 1
209895 3
105576 2
227110 5
209894 2
227111 1
209912 1
312169 1
105590 1
105589 1
209915 2
191935 1
312171 1
227133 1
209917 2
244350 4
244349 1
312160 1
105599 2
191925 1
105597 1
312163 6
105596 1
105595 2
227125 1
105594 1
105593 2
209866 9
209865 2
209864 3
105543 2
296862 1
312145 2
209863 3
105545 2
105546 1
105559 2
139480 1
244317 1
312143 4
209874 1
209875 1
296833 1
296832 1
227088 1
380992 1
209879 2
227094 1
209837 9
380985 26
209839 6
209833 1
139438 1
380990 8
209834 2
209829 2
139426 1
105515 4
312119 1
296944 1
380983 15
380982 11
296946 1
296941 1
105523 1
209853 1
139448 1
244285 1
244284 1
244283 1
244282 1
105526 6
296939 1
105525 4
244279 1
209845 2
105530 2
209846 3
227185 2
244274 1
335195 7
335194 1
335193 3
335192 3
296922 2
105478 4
105479 1
139393 1
296919 1
191938 1
105482 2
139397 2
296914 1
105484 1
335190 4
209793 1
105486 3
312080 4
105487 3
296911 1
380936 1
296905 1
296904 2
209817 1
139409 1
139410 1
209810 1
139413 2
209809 1
191543 1
312034 3
226992 2
226993 4
296486 1
296487 3
296490 1
227000 1
227006 6
227007 1
227004 1
296497 1
226982 5
139628 1
226986 5
226991 2
139626 2
209489 1
226960 2
191508 2
381382 20
226961 3
226963 5
312005 1
244695 1
381376 16
139613 1
226972 3
139609 1
381384 15
244678 1
191490 1
209484 1
209487 1
311974 1
296548 3
296546 2
296545 2
121201 1
381355 10
227068 1
296554 2
311990 1
209446 1
244645 1
311989 1
381363 10
139556 1
244641 1
381364 8
227043 2
209440 1
244643 1
227041 1
381367 16
121184 1
381369 2
381371 5
311994 6
311992 1
381375 2
227030 1
227026 2
311948 3
296527 2
244637 1
311945 1
209412 3
227013 3
227012 2
209413 15
209414 3
244612 1
209415 2
244611 1
227009 1
244610 2
209410 1
244609 1
244608 2
209411 4
311965 1
227022 2
227017 2
209417 3
311961 2
121268 1
105845 2
226875 4
226874 4
226873 2
121270 2
121271 1
105846 1
226872 4
121264 1
244605 2
226879 4
121265 2
226878 5
244607 2
226877 2
226876 1
121267 1
226867 5
121277 1
226866 3
226871 1
121273 1
226870 4
226869 1
226868 1
121275 1
226856 1
121255 2
121261 1
121260 2
121257 1
105814 1
226843 1
226842 1
121244 1
105818 2
311878 1
105816 1
311897 1
226826 2
311901 1
209615 23
209614 7
86028 1
105806 1
121229 1
121228 1
244550 1
121226 1
226821 1
121328 1
191739 5
121331 1
121333 1
244539 1
244538 1
121336 1
296677 2
209588 3
209586 2
105789 1
381220 1
105788 1
311840 2
311841 2
226926 2
121315 1
296700 2
226924 1
296698 1
311864 3
311863 6
311862 8
311861 3
296690 4
296688 1
139674 2
226905 2
226907 5
311818 1
226906 2
381186 3
381184 12
381185 3
381190 1
226896 10
381188 16
381189 7
381211 2
121283 3
226893 2
311836 2
311839 2
226895 1
226888 2
381215 14
311833 2
121286 1
381214 7
311832 1
226890 2
381212 1
226891 3
311834 3
226885 2
311831 2
121289 1
226881 2
314626 1
227667 4
314627 1
227666 1
227665 1
367303 10
189394 1
227668 1
367309 1
143004 1
227675 2
227674 1
143005 1
367308 3
367311 3
367305 5
367304 4
242719 1
143002 2
367307 4
142981 1
142980 1
367312 2
120523 1
120517 2
189387 3
189385 7
143028 1
143026 1
367330 1
120566 1
212410 1
212413 1
227680 3
158310 2
242720 2
242721 1
158306 1
227684 2
143011 3
227685 2
314679 2
143009 2
227687 3
158305 1
227690 1
367352 19
367353 1
120473 3
367232 1
212432 13
367241 15
227610 2
227609 1
212423 13
314711 1
314710 1
212431 3
189323 1
212430 8
212429 1
314716 4
212428 8
212427 6
314715 3
212426 13
189325 1
189360 15
158258 1
120507 1
189362 13
120504 2
189363 1
158256 1
189364 4
120510 3
189366 5
227645 2
227644 1
120499 2
227647 1
189370 1
227646 1
367279 9
120502 3
189374 8
189345 2
367283 2
189347 2
189348 1
367284 1
367285 1
367290 4
367288 10
189357 3
367294 12
367295 9
189356 3
189359 2
367292 12
242841 2
314760 5
227806 2
212252 1
227792 1
314753 1
189269 1
227793 2
158416 1
242831 1
227789 1
227788 1
242817 1
314792 3
242872 2
242873 1
242876 2
212287 2
227825 4
212274 1
367205 1
212277 1
242870 3
314789 3
212276 1
227829 2
227830 1
314790 3
227831 3
367231 1
332796 3
332799 1
142890 1
227809 1
212257 1
212258 21
212259 3
227813 2
212260 1
212261 17
212319 1
212318 1
297224 3
297222 3
297220 3
297218 1
212305 1
297242 1
297241 1
189196 1
242885 1
189184 1
212292 1
297237 1
242887 1
212293 1
212290 1
242881 1
212291 1
212288 1
242883 2
212289 2
189189 1
142971 2
142969 2
142968 2
242936 1
142963 2
242933 1
212337 1
242930 2
142967 1
142966 1
142965 2
212332 2
212334 2
314879 4
212330 1
212324 1
212326 2
242917 1
120783 7
120781 4
120780 8
189121 2
242950 1
242951 1
189123 1
189122 2
212107 1
242952 2
242959 2
242963 4
242962 2
227408 2
242967 3
314372 2
242966 3
314374 4
143249 1
242971 1
242970 3
314378 1
120788 2
242975 2
120786 1
242974 1
120785 1
189159 2
367600 2
227432 1
297215 1
314402 1
189174 2
367588 5
367591 6
367590 3
314407 1
314404 1
367586 2
367596 1
367599 2
189178 1
143288 1
367595 3
189176 2
120715 1
189057 4
227333 3
227334 1
120712 6
227328 1
120719 2
189060 1
227329 4
120718 4
189063 10
120717 3
120716 1
189065 15
189064 4
189067 2
189066 1
143304 2
189068 13
332288 1
189072 17
314436 1
189073 6
120728 5
189075 1
314439 1
332293 2
189077 1
314433 1
189079 54
120722 5
189081 1
120720 3
189083 2
120726 3
189084 2
120727 1
189085 1
189086 2
120725 1
189089 2
349946 3
227372 1
297127 1
297131 1
297130 1
189116 2
189117 1
227529 1
189004 7
143119 1
120647 6
143116 1
189006 1
189000 5
189002 17
189003 6
227521 1
120654 1
314512 2
314513 2
120652 1
188998 1
314514 3
143109 1
314516 2
120650 6
143107 1
314517 3
188994 1
211993 2
211992 1
314511 1
314510 1
211998 12
189013 47
211987 15
189015 90
189014 6
143121 1
158672 1
189010 19
143148 1
243113 1
212010 11
212011 1
143150 2
143151 1
212014 1
243117 1
243116 1
143147 1
243107 1
212000 2
314544 2
243109 1
212006 11
367472 2
189055 1
212027 20
212026 22
212025 1
243131 1
212031 1
189051 3
243132 5
143161 1
243133 2
243134 2
212019 1
143156 2
212017 1
189045 3
189044 12
143152 1
243125 2
143155 3
212020 1
227469 4
143179 1
243150 9
243149 2
227471 3
227470 1
243148 10
243147 3
227464 8
188942 1
227467 11
227466 4
188943 2
227461 3
212037 1
227460 2
227463 1
227462 2
143195 1
227485 2
227486 4
188955 5
227487 1
243162 1
188957 3
227480 11
227481 3
188959 6
243160 4
227482 2
243161 4
227479 12
212048 3
143189 1
243152 6
227474 2
227475 1
120608 2
188970 7
120609 1
188971 2
243183 1
188974 17
188975 10
227498 1
188972 7
227496 5
188962 2
227494 2
188960 4
227493 1
227492 2
227489 2
120625 2
120627 2
188991 1
243192 12
243193 1
243194 19
243195 5
120635 2
243184 1
120636 1
227504 4
212916 5
228213 4
228212 3
212918 1
228215 1
212919 2
142518 1
243251 1
212912 2
228209 4
142519 1
212913 2
228211 1
212915 1
228210 1
142522 1
228220 1
212927 2
212921 3
228219 3
212901 4
243238 6
243239 1
212900 2
212903 2
243237 1
212897 4
212899 2
243232 2
212909 2
212908 3
212911 1
212910 1
212905 1
243242 9
243243 1
212907 3
243218 1
243227 2
212866 2
212864 2
243214 1
243208 2
188852 1
297891 2
212979 1
243319 1
243323 2
243322 2
243321 1
119989 1
243327 1
119984 2
119983 2
228128 1
119975 2
142574 1
142573 1
315261 1
228115 2
228114 2
228113 2
228112 2
228117 12
228116 12
228123 1
119957 1
243291 12
243292 9
228098 1
119949 2
119948 1
228096 1
119945 1
243270 13
119947 5
243271 1
243272 1
366748 7
366749 1
228104 1
228110 9
243276 3
228111 4
243278 1
243390 2
315309 1
243391 1
315308 2
366696 8
315305 5
119926 1
315304 3
315307 1
315306 2
212789 1
212788 1
243380 1
188787 6
188786 1
243378 2
315299 1
315298 2
332280 1
188779 5
119910 3
315320 6
212776 2
332285 1
188782 3
297843 2
212766 3
228314 1
315275 1
228315 1
228310 1
188752 2
228304 1
228303 1
188746 47
315294 2
315295 2
188747 1
188750 4
212744 4
188749 1
228294 1
212740 4
212738 4
243329 1
315282 1
243328 1
142453 1
243444 3
142449 4
142448 1
142446 4
228264 3
142443 2
142440 1
119841 1
228257 4
212832 1
243425 1
212834 1
228259 4
212837 1
243416 1
228250 1
243421 1
243408 1
228242 1
243409 2
243411 2
243413 2
228245 1
243404 2
243407 1
243393 1
243395 2
119818 2
188642 2
142755 1
314931 1
212662 2
227959 5
227958 1
227957 1
142770 1
142771 1
212666 2
227963 4
227962 1
227961 6
212612 2
314903 1
331859 2
188611 5
331861 2
212609 1
331862 1
212610 1
188617 14
188618 24
188621 4
142735 5
142734 1
188623 2
142738 16
212628 1
188626 1
142736 1
188628 1
142740 2
188630 1
142744 1
212704 1
120229 1
120225 1
212719 1
120227 1
212726 1
243581 1
120203 1
227846 2
227850 7
243528 2
142795 2
243534 1
227852 3
227853 3
243533 2
120222 2
227859 1
331783 1
120221 1
142803 1
120216 1
212696 2
212698 1
212699 2
120210 1
212700 2
212701 1
212702 2
243629 1
243628 1
243631 1
228076 1
228074 2
243621 1
120171 1
243617 2
228065 2
228095 1
243645 1
243647 1
228090 2
228091 1
212537 1
228088 5
228089 5
243636 2
212534 1
158193 1
243637 2
212532 1
158195 1
212531 1
243633 1
142603 1
228047 1
188490 2
158153 1
228041 1
188492 2
142604 1
188494 6
188480 6
158147 3
188481 1
158146 8
158145 10
188482 3
243585 2
243614 7
188505 10
243615 1
188504 6
243612 13
243613 2
228056 1
243611 4
243606 5
158160 1
188498 6
188501 6
188503 2
212586 1
142700 17
158125 5
158124 6
120096 1
228015 1
142696 18
158121 2
212591 1
158120 4
158123 1
212589 1
142699 7
158117 2
120109 1
142695 1
212582 1
228005 1
158115 2
212602 1
158141 1
142719 1
212601 1
212600 1
188473 4
188472 2
228018 1
212595 1
158132 4
120124 1
212594 2
142708 1
228022 1
243700 1
158129 7
142707 1
243702 1
142706 1
158131 4
227977 2
227971 2
212550 2
227975 2
243652 1
158110 4
120086 1
120085 1
120084 2
158109 2
158106 1
212572 1
142678 27
243667 1
158100 1
142677 10
158101 1
142676 7
158098 2
142675 23
211423 1
211420 2
211421 1
119443 1
190366 1
313675 1
211416 1
159263 1
190365 1
159262 1
313670 1
313669 1
119453 1
333595 2
368280 2
228620 2
368283 1
333592 1
368284 3
368285 2
368286 1
142017 1
159232 4
241734 1
313681 3
142074 8
142075 15
298415 2
228671 1
190397 1
142076 2
142066 1
142067 1
142064 9
333603 1
211440 2
142069 2
211436 1
119457 1
211433 3
211432 1
211435 1
313723 3
211429 2
211428 1
298416 2
298417 1
313715 2
211427 2
159269 1
119508 1
211355 3
119509 1
211358 1
211359 3
190422 1
49626 2
190420 1
313600 1
313601 1
211337 1
228685 2
211331 1
141957 1
228674 3
228675 1
228672 1
228678 1
228679 1
159359 1
211386 1
228731 1
159357 1
211387 1
211388 1
159355 4
241726 1
211391 1
159352 4
159350 4
211377 1
241712 1
211382 1
241716 1
159342 1
241707 1
190441 1
190440 1
241708 1
190442 1
190437 3
159334 4
159332 4
119531 1
190435 1
211287 1
241876 4
241877 1
159379 1
241879 1
211284 1
241873 1
119327 1
190235 1
190233 1
241856 1
141895 2
211278 1
228751 1
211276 1
241865 1
190222 1
159372 1
241866 1
211313 1
211312 1
159423 2
141926 1
141925 1
228783 1
159444 1
313733 1
159443 2
313737 1
313743 1
313741 1
313746 1
141828 2
141829 2
298327 1
159425 2
298325 1
190273 1
298331 2
119364 1
298330 1
159436 1
298329 1
159433 1
298334 1
298333 1
241847 1
228837 1
141856 2
241833 1
298140 1
190089 12
142283 6
211151 2
142286 3
190095 1
142284 2
190081 3
298133 1
142272 1
190087 2
211158 1
242028 1
242029 1
242024 1
228394 7
119716 1
228393 2
242021 1
142309 1
368555 1
298156 1
242037 1
298149 1
368547 13
368549 1
242033 1
142222 1
368604 1
119748 1
190154 1
190149 16
190148 1
142212 2
119756 1
313352 1
142239 1
142235 1
368585 28
368584 1
368577 5
298234 1
298232 4
298233 2
119789 1
142245 1
142244 2
298227 1
119790 1
142241 2
298231 4
298228 2
142243 1
298229 1
298219 3
313386 1
190206 1
190204 2
313384 2
313390 1
298222 1
298221 2
368615 12
368614 3
313382 1
313380 1
313559 2
313565 2
313562 2
313540 1
189975 2
242140 1
189990 1
189991 5
189988 20
189989 2
189992 3
119587 1
119589 1
119609 4
159666 1
119611 4
119613 2
119612 1
119615 9
88754 2
190021 1
190023 14
119620 3
190024 1
119618 3
119619 4
333508 2
142101 1
159697 1
190045 1
190062 1
142124 1
190063 1
190060 14
313534 2
190071 17
142133 13
190070 19
142132 8
88831 1
142135 14
190079 7
142140 1
190078 1
189880 6
189876 30
189874 11
189875 21
189869 2
189852 1
229137 1
229143 1
118917 1
118916 2
118919 2
118918 6
118913 3
118912 1
118915 2
118925 10
118924 12
118926 3
118921 13
118923 5
211908 2
211901 1
229244 1
189949 5
158835 1
88443 1
158838 1
158837 1
189904 2
141449 1
141448 1
314337 1
229297 1
314336 1
314343 2
314342 5
314345 2
229305 2
189756 11
242427 1
189759 3
229306 2
88502 1
314349 1
229309 1
141414 3
141412 3
141413 3
141410 2
141416 1
141417 1
141396 1
229267 2
141405 2
118801 1
118800 6
211778 2
118796 6
211779 1
242371 1
211776 2
211777 3
141376 1
242373 1
314326 2
314327 1
242375 1
158861 1
242377 1
141388 2
141389 1
118789 1
314331 1
158863 1
141391 1
314334 1
158859 1
141386 9
141363 1
211765 1
141362 2
211767 2
314279 2
211761 3
118911 2
118910 11
211763 1
141364 1
189814 1
141371 1
314285 1
141369 1
211775 4
141375 2
314281 1
211769 3
118902 1
314280 1
211771 2
141372 2
211770 1
314293 1
314294 1
298877 1
314300 1
211756 2
298876 1
314301 1
211757 1
211759 2
314296 1
211752 9
314297 1
298875 2
141356 1
211754 10
211755 2
242324 2
211733 13
189776 1
242320 1
211731 13
211730 2
242322 2
211728 1
242328 1
141341 3
242330 1
242309 1
189762 5
189763 10
189760 2
242311 1
229316 1
189761 2
189767 3
242317 1
189770 2
242319 1
211724 2
211725 3
189774 12
229322 1
189775 5
189772 3
211721 1
189773 4
141806 1
242540 1
242542 1
119202 1
228902 1
228900 2
141816 1
141817 1
119230 1
189618 1
189617 1
119175 1
189577 1
119183 1
211651 2
211653 1
211675 2
211676 1
211677 1
189586 1
228974 1
228972 1
211628 9
211627 1
228970 2
242472 2
242473 2
228966 1
189671 19
242464 1
228989 1
159088 1
242446 4
119232 1
242445 2
119239 1
189645 12
189644 4
119237 1
189646 1
119243 1
119241 1
189637 14
189636 11
119245 2
189657 2
189658 2
141724 1
242457 1
119258 3
189650 1
119256 1
119257 1
119262 1
242451 1
141719 1
189654 2
119260 1
242449 1
242448 1
242657 1
242673 2
189493 2
229046 1
298532 1
229050 1
229048 3
119095 2
229049 2
229054 2
314064 1
314068 1
314071 1
242635 1
242634 1
159117 5
189460 1
242643 1
189459 1
242650 1
332940 1
211544 1
211547 1
332942 1
242649 2
332937 2
189465 1
242654 1
242652 1
189538 9
229103 1
229098 1
333030 1
119166 1
242620 1
189560 1
159228 1
159230 6
229061 4
333012 1
229059 4
229058 1
333015 1
333017 1
333018 1
333019 1
333021 1
242582 1
211476 1
242583 2
211478 3
119123 1
211481 1
211480 4
119125 1
333006 1
211482 1
195199 1
241083 2
378792 3
221427 1
221425 1
241064 2
145197 1
316603 1
241065 2
145196 7
316602 1
241066 1
145198 3
145193 5
241068 1
241069 1
145195 1
241071 1
221410 1
145189 3
316595 1
299123 1
145188 2
221408 1
221409 1
299126 1
241061 1
221407 2
205833 1
205832 1
205836 1
316561 3
195140 1
241027 2
221378 2
378771 1
205829 1
221380 2
241030 3
378769 1
221382 1
241028 1
145153 1
145272 3
145273 1
378858 1
145274 2
378859 1
221371 1
241145 2
145278 1
145265 2
241140 1
241143 3
118589 1
145269 3
205936 1
205934 10
205933 1
205932 9
205931 2
378865 1
205927 6
145248 1
205925 2
195104 2
205924 8
241120 5
378870 1
145242 1
145240 1
205919 1
145246 1
145247 3
195101 1
145245 3
145234 5
145235 12
241109 2
145232 10
118558 2
118559 2
145239 1
145236 6
241104 2
145237 2
205901 1
241102 2
145227 2
145226 4
378841 1
378847 1
145230 1
145229 1
205899 1
145228 1
145219 1
205893 1
145218 1
205895 5
205894 1
378838 1
221313 1
378837 2
330343 1
206001 1
378657 1
316462 2
316461 2
330344 1
378676 1
316466 1
145316 2
240931 1
145319 2
145312 1
221286 1
378684 1
221289 1
240938 1
378680 1
378682 1
361467 2
378630 1
240918 2
240919 1
145298 7
145297 1
378624 2
299207 1
145296 6
145311 1
316431 1
378646 2
145286 2
145284 2
316435 1
378642 1
378643 1
316437 1
145280 4
378641 2
145294 5
221256 1
145290 1
378721 1
378723 1
378729 1
378731 1
378732 1
378735 1
378736 1
221223 1
378738 2
424954 4
378741 1
145382 1
221217 2
221216 1
206060 1
330296 1
145387 1
206058 1
145388 1
206056 2
221225 1
206057 1
378690 1
378689 2
145361 1
240981 1
145365 1
240976 1
378699 1
221212 5
378698 1
378707 1
195201 4
195202 1
378705 1
378710 1
240963 3
378711 1
145351 1
145348 1
221672 1
240810 1
221673 2
240811 4
330751 1
221676 1
221678 1
221665 1
118381 8
221668 1
240807 1
221692 1
221681 1
195440 1
316827 1
221642 2
195405 4
195404 2
195403 9
118337 2
195402 3
195400 4
195399 1
221634 1
221632 1
221633 1
221659 3
221658 4
424449 1
221663 1
221662 1
118364 1
221651 6
221650 6
221654 2
378619 1
221608 1
330664 1
221629 1
330665 1
195386 1
221631 1
118326 10
195376 1
330656 1
330659 1
348005 1
195380 9
330661 1
206159 1
330650 2
221581 1
330634 1
330635 3
221596 1
330638 3
330636 1
221593 2
330637 1
330612 2
195556 2
195558 1
206245 1
378416 4
221542 3
316727 5
221545 1
221555 5
221557 4
221558 4
330582 1
160325 1
330583 2
330580 1
206214 1
118473 1
160335 1
118493 1
160336 1
330573 1
195489 1
195493 1
221485 3
221487 6
206314 1
206315 1
221492 17
221494 1
221495 3
221489 2
118461 1
221490 10
206333 1
221496 7
118454 1
221497 9
221446 1
221450 7
221449 2
330499 1
221463 2
330502 2
330507 1
118419 1
221466 1
221464 1
221465 3
221916 5
221919 10
118096 3
360776 1
144668 1
194655 19
360771 1
360774 1
118111 8
194633 6
317084 1
194635 6
317086 1
118087 2
194636 1
118086 6
317080 1
221898 5
194625 14
194624 3
194627 1
118095 1
194629 24
194628 7
194631 3
221890 2
221891 1
194630 1
160249 1
160250 1
317096 1
317094 2
317092 2
317093 1
160245 1
194678 6
194679 3
160247 1
194677 1
194667 3
118112 1
144680 1
194666 28
194665 2
144683 2
118117 3
221928 1
118119 5
194668 21
118121 3
194658 54
118120 2
118123 1
194657 3
118125 1
118127 1
194661 1
194660 24
118036 1
194590 14
194591 6
118032 1
329860 1
317120 1
194580 3
317121 1
194581 7
194582 20
329856 1
118042 13
317124 3
221845 1
317125 1
194579 2
221846 1
221835 1
221836 1
118031 2
118028 2
118027 1
241606 1
221829 1
118024 3
118068 1
194622 11
194620 1
118070 2
221880 1
194618 4
118066 1
221875 2
194614 10
194615 2
118072 1
194608 1
118074 1
360764 1
317179 5
360765 1
144748 1
317178 1
360766 1
317183 1
194603 10
194601 12
317180 1
317171 1
118060 15
144742 1
360898 1
221780 7
221776 4
118238 1
221790 4
360910 1
221764 4
360912 1
221773 1
221775 1
221810 1
194805 1
241469 1
221820 1
241471 1
329842 2
118248 1
316983 1
221798 1
221795 4
221794 1
316976 1
221793 3
329845 2
221792 1
194794 1
118241 1
118243 2
329854 1
316986 1
118245 2
118247 1
241494 1
118170 1
316996 2
241492 1
118168 8
160026 1
221697 5
118156 3
221699 1
118154 1
221701 3
221703 3
221705 3
82949 1
221704 1
221707 1
221706 1
118146 2
144884 1
360870 1
221751 2
194738 1
360876 2
360873 1
194724 1
118184 8
317046 1
194723 1
118186 10
317044 1
118187 3
222158 3
222159 7
222156 6
222157 2
222154 3
144399 2
222152 3
222150 3
222146 5
222144 4
222175 2
299854 1
222174 5
194907 32
194904 2
144411 1
299852 2
194905 2
194910 7
222171 3
194911 7
299849 1
194908 17
299848 1
222168 2
144401 1
222164 1
144403 1
299843 1
222162 2
144405 1
222161 1
144407 1
360570 1
206637 1
222188 5
144426 1
222191 1
206633 1
222184 2
360575 1
222185 5
206634 2
241318 1
222180 7
241319 3
222181 1
241316 20
241314 1
222177 5
144422 2
144421 1
222179 1
360555 1
144442 1
360554 3
222204 1
360552 2
360558 3
206650 1
144445 1
206644 1
360546 2
222196 1
222199 1
222198 1
222193 1
360550 3
222192 1
206642 1
206666 1
360478 1
206665 1
222094 4
206669 1
222093 2
144453 1
222083 2
144455 1
222080 2
144449 1
360464 1
206663 1
194818 1
360460 2
360463 1
360462 1
206686 1
144468 1
360452 1
206672 1
360449 1
360450 2
241386 1
222120 1
206703 2
206689 1
206691 1
360496 1
206694 1
360495 1
241403 1
360494 2
144506 1
144507 1
206710 1
360481 1
299986 1
241152 1
299985 1
144518 1
206721 1
144519 1
144520 1
117952 6
195019 36
117953 1
144521 1
360667 2
144522 1
195022 33
241163 1
360671 2
195020 1
241162 1
195021 5
317190 1
222032 6
241180 1
299982 1
144536 2
144539 2
117973 10
117972 3
317232 2
206766 1
222057 1
222059 1
206773 1
317223 1
241204 1
241202 1
241200 1
360682 3
222076 1
206780 1
360681 2
222073 4
206786 2
221967 6
206799 1
221970 2
221971 1
221968 1
206800 1
221974 2
241238 6
241240 4
241242 2
241250 1
241249 1
117928 1
221991 1
241252 1
221993 3
83260 1
222001 1
222007 7
195005 9
222008 2
195004 6
222010 1
117939 1
222012 2
117938 1
195003 9
222391 1
377826 4
240113 2
117566 1
240115 2
222395 1
222393 5
204902 5
117548 2
204898 4
204897 5
204896 4
222382 1
240109 1
222380 1
196136 1
240105 1
222357 1
222356 1
204893 11
222348 5
240076 2
222351 2
222451 1
204850 2
196212 2
196213 1
222455 1
222454 3
196208 10
196209 1
315557 1
222458 1
315560 1
222463 1
315564 1
315565 1
315571 1
222435 1
315570 1
222438 1
315573 2
315572 1
117610 9
315583 1
204847 2
222421 1
161746 1
161744 1
222424 2
196191 2
161732 1
315543 2
204815 2
144377 1
222271 1
144378 1
161596 1
144369 1
205044 1
315490 1
222256 3
315488 4
117666 3
117668 8
117669 3
205032 1
222248 1
222247 1
222244 1
222242 2
222241 1
222240 2
196249 1
222237 2
196248 1
196250 1
222239 2
196253 1
117658 1
196245 1
117663 1
222224 1
222225 3
315459 9
315484 1
222221 2
315485 1
222220 2
315486 2
222217 1
117638 1
222213 2
315477 1
222214 1
222209 3
222331 1
222335 2
222322 1
222314 1
144302 1
315448 5
315449 2
315454 6
315452 1
315453 4
196326 1
204962 1
196327 1
204966 1
315446 7
222301 1
315393 1
315394 2
222293 1
222294 1
222283 1
161612 2
161611 1
222285 1
161610 1
161608 1
315408 1
315892 3
117290 10
315889 6
205152 1
239840 1
239841 2
222636 5
196395 2
196397 1
222634 5
196398 1
222645 1
315876 6
222644 1
117304 1
222647 3
315879 3
117296 1
222655 6
222654 1
315880 3
117303 1
222598 1
196359 11
222594 2
196358 1
222592 1
222593 1
196356 1
196363 1
222606 5
196362 15
196361 1
196360 5
196365 1
222621 2
205148 1
222620 1
222619 4
82839 1
205147 2
239778 1
239782 1
331760 1
117352 1
331773 1
117351 1
196460 4
205101 1
222702 1
222707 2
222706 1
196464 2
222709 1
331746 1
196466 3
196476 5
331757 3
117362 1
117363 2
82931 1
117360 1
239745 1
239747 1
315799 1
82890 1
239749 5
239750 1
315797 1
239751 1
331743 1
331741 2
239755 3
205071 4
222670 5
239757 4
239759 1
196438 1
239760 2
239763 1
196437 2
222686 4
239774 1
196526 2
161313 1
205309 3
315757 2
205311 16
205310 1
161342 2
196543 1
205307 13
315755 2
205306 10
161341 2
347105 1
196531 1
196533 2
222512 1
222513 1
196534 2
196488 9
222475 2
222474 2
222472 1
222471 1
222469 3
222468 1
239683 1
205249 1
196485 13
377408 1
315716 1
222482 1
222480 1
222481 1
196588 1
222569 1
205225 1
315705 1
196590 1
222571 2
117476 1
239657 1
196591 1
315707 1
196584 1
196585 1
205229 1
300529 6
196581 1
300528 1
205217 1
300531 5
205221 1
315701 1
222567 1
377392 1
315689 1
196605 27
205241 3
205240 1
196604 8
205243 4
196601 1
205244 1
196603 1
205235 9
239664 1
205237 3
205236 3
222582 2
239668 1
196594 1
222539 2
196558 3
205194 2
196556 2
205192 16
196557 1
196554 1
205198 1
222542 2
205196 3
222541 1
239617 4
315667 1
144006 1
239618 1
239621 1
205190 5
205191 1
222534 2
205188 1
205189 1
222555 1
196571 1
196570 1
205214 1
196568 2
205212 1
196563 2
196561 4
222867 3
222871 3
222873 5
222878 1
316113 1
316112 2
425308 15
425307 7
143681 1
195587 1
316119 2
143680 1
316118 2
205387 1
205389 6
195638 1
316130 1
82111 1
316131 2
195634 1
143728 1
82106 3
143729 1
195646 6
195647 8
143713 4
222887 2
143712 2
143725 3
143724 1
195630 1
143727 1
195629 1
143721 1
195626 1
143722 2
300613 2
222933 2
300612 1
117083 1
300615 1
222929 1
117086 2
222941 2
300623 1
222943 5
222942 2
300617 1
195676 5
222937 2
205316 1
205319 1
205313 1
205312 1
222914 1
205315 10
222924 1
222926 11
222927 2
205321 4
205320 3
222922 10
316070 2
316068 1
161269 1
161271 1
316078 1
222975 2
316077 1
316074 1
143677 1
143678 2
240548 1
117097 3
222950 1
222948 2
117098 3
222946 2
222944 5
222945 1
117089 1
240557 1
117091 1
316091 1
222954 1
240554 1
195741 3
205529 1
222746 1
195743 5
195742 3
143830 1
143825 1
240468 4
143824 1
143820 1
330782 2
222731 3
240457 3
315994 1
315996 2
222734 1
330772 1
195716 19
195717 25
143812 1
240448 2
330768 2
222725 1
222727 1
240453 1
195715 5
222778 1
205563 3
205562 1
222776 1
205560 2
205566 1
330792 1
316003 1
205554 1
330785 1
316004 1
330784 2
330814 2
205546 3
330815 1
205547 3
222760 4
205545 2
205550 1
222765 1
195752 5
205548 1
330806 2
161061 1
222753 2
222752 2
205542 1
205470 1
195805 1
205465 2
330817 2
205461 2
222804 4
205463 1
195797 2
222801 1
195796 1
205459 3
143757 1
117233 1
117232 1
222840 1
240436 4
240437 3
240433 1
222832 3
222833 1
222829 3
117223 1
361969 1
143776 1
143777 1
361971 1
143778 2
222819 6
117231 1
116749 1
116748 1
116747 1
240326 2
240328 3
240329 1
316378 1
116743 1
223119 1
240337 2
223123 7
240336 1
240339 2
223127 1
240343 1
143452 1
240345 1
223131 2
316363 1
240347 1
361483 1
300848 2
316401 1
116779 1
223141 34
116773 1
240371 2
240370 4
143474 1
240374 1
143472 1
240373 2
240372 2
116788 1
205691 1
300844 1
223175 1
205574 2
205572 2
205570 1
223182 5
223183 4
223180 2
223178 7
223179 3
205578 1
205576 1
223186 1
223184 2
116817 3
143386 2
143387 2
143393 2
223202 1
223203 1
223212 2
316349 1
223214 2
223215 3
143407 2
143405 1
143410 1
223217 1
82429 1
143412 2
223219 2
300955 1
222987 6
300954 2
300953 1
222991 2
222989 5
222988 1
300945 1
222977 2
300944 1
222983 2
222981 4
222980 1
205791 1
143573 1
116895 1
116903 1
223019 2
116900 2
223021 4
116898 2
240237 1
116896 1
205792 1
223008 2
223013 2
223032 2
223034 1
240242 1
223029 2
223030 1
205710 1
223054 1
205708 1
143498 1
223051 1
143501 1
223049 1
143503 4
223047 6
316180 1
316181 1
205698 1
223041 1
143495 2
223070 3
223071 3
196058 5
196057 7
196056 5
301002 2
196063 2
223066 1
205722 1
240153 1
196060 1
143505 1
300998 2
143504 2
300994 1
143509 1
300995 1
143508 1
143510 1
223057 1
205740 2
240175 5
205742 1
240173 1
223087 1
240172 4
223081 5
240171 1
196077 2
240170 4
205738 1
223083 28
196079 1
240168 4
143522 1
205732 1
285367 1
285366 1
285365 1
223073 28
143524 1
223075 1
223074 1
223102 2
425126 14
205749 1
116987 3
240182 2
205751 1
240180 2
205745 1
285344 1
116989 1
240177 1
193262 9
193263 4
223343 2
238896 1
238898 1
193265 8
193278 5
193277 1
223353 1
193275 1
208062 3
162682 1
162631 1
162628 1
162626 1
162624 1
116676 1
238857 1
116677 1
238862 1
208017 1
208016 1
238870 1
238871 3
223317 1
208023 4
208022 2
238874 1
223270 1
208103 1
223268 1
223266 1
238944 1
223264 2
208104 1
208119 3
238964 1
238966 1
116669 1
116668 2
116656 1
116659 43
208122 1
162622 1
208121 3
238917 1
208070 3
223233 1
238927 1
147411 1
238930 1
223260 1
223257 3
223258 1
223464 1
223462 2
380844 1
193148 1
193146 1
223486 1
223474 3
193140 2
85756 1
85755 1
239031 1
223432 39
223433 6
193103 1
116549 12
223437 1
193099 1
223439 1
223424 1
223425 2
223427 2
147204 1
380818 1
223429 2
193090 1
223431 2
193108 1
193110 1
193104 1
193067 1
193071 1
116521 1
193061 1
223422 1
223419 1
193072 2
116540 1
116480 1
116500 1
223600 1
162422 2
116478 1
208307 2
223603 1
162418 2
208308 1
208313 1
208315 3
223610 1
328553 1
223612 1
328552 1
208319 3
328554 1
208318 2
208288 1
208290 1
223588 1
116454 1
116452 1
162413 1
223597 1
116450 6
223596 1
162410 1
116451 3
380472 1
116448 5
162409 1
223570 2
223568 1
223569 2
223573 5
380431 1
193501 2
193499 2
162373 1
208259 1
162375 1
162374 2
380432 1
147072 3
223559 1
162371 2
162381 1
223562 1
380446 1
162379 1
193457 1
208372 2
223542 1
162352 2
193459 1
223543 1
208369 1
162357 1
85805 1
116386 1
223533 1
301502 1
223529 16
193452 1
116377 2
208338 1
380487 1
193435 1
223512 1
193437 1
208326 1
193410 1
208324 2
223493 17
193408 1
223492 12
223491 1
208320 2
223489 1
208321 1
116354 8
223501 8
116355 4
223500 25
223499 3
116356 12
116357 3
223497 1
223739 2
223743 2
223742 1
223728 1
223731 3
193384 1
380602 1
380600 1
380598 1
193382 1
193377 1
193378 1
223705 1
146975 1
223699 1
238736 1
238739 1
193364 19
193365 4
193360 2
116295 2
193356 3
162504 1
193353 4
223682 1
193351 16
193350 18
162501 2
193348 26
301393 1
193347 3
193346 11
193345 18
254014 1
162491 1
238846 1
162489 1
162495 1
162494 1
162493 1
162492 1
238840 1
193328 8
193329 1
208246 2
193331 3
208247 4
193333 2
193334 2
208242 8
208237 1
223660 1
193323 9
208239 1
116256 1
208238 2
193325 14
193324 5
193326 3
223652 1
223655 4
193306 1
223647 3
193310 1
193308 1
223637 1
85918 2
193300 1
193291 1
223622 1
193282 24
193281 7
223621 1
193287 1
223618 1
223616 1
162115 1
208517 4
208518 1
162112 1
162119 2
301791 2
146830 1
146831 1
162126 1
223818 1
239391 1
239386 1
162140 1
162149 1
162151 1
239405 1
162153 1
223854 1
146859 2
146861 1
239403 1
208567 1
146869 1
327783 1
301792 1
301793 1
208575 1
146873 1
146875 2
146879 2
223745 3
223747 2
380254 1
380252 1
380250 1
192648 1
192650 1
345284 1
208593 1
223763 1
223764 1
208596 1
223767 1
223768 1
223770 1
162077 1
162074 1
192678 1
208611 1
192676 1
162081 3
208614 1
162080 1
162083 4
7150 2
223780 4
162093 1
192687 1
192684 2
162089 1
192682 1
162091 1
192695 1
239474 1
162102 2
192693 1
162103 1
192691 1
239476 2
380257 1
192689 1
301733 1
301738 2
162108 32
162109 1
7152 1
192701 1
223800 2
7155 3
301737 2
162104 4
7157 7
223807 1
162106 30
7159 1
192589 1
192576 1
116046 1
223957 2
223956 1
223959 1
162256 1
192595 1
223953 1
192597 1
239532 2
380345 1
116064 1
192617 1
239534 1
223980 1
208429 2
192623 1
208427 1
239529 1
223979 1
208426 1
208424 4
223974 1
208423 1
239525 1
239526 1
116075 9
223973 1
192614 1
208418 1
116079 2
208416 2
116078 1
162297 1
223999 3
116081 1
223998 1
239548 1
162299 1
192626 1
192624 1
239537 1
162295 1
192629 1
115975 10
115974 1
208461 1
115970 1
162184 1
162185 1
239554 1
223873 2
208451 1
208450 1
223876 1
239558 1
223878 2
208472 1
162207 3
162206 2
208474 6
162203 1
162201 1
208464 14
223888 1
208465 4
208466 15
223893 1
115995 2
380353 1
116005 1
208490 1
208489 4
116007 1
239594 1
208488 10
380409 1
239596 2
223919 1
239598 3
223917 3
239599 1
208492 1
192550 1
380407 1
192548 1
208487 4
162208 1
192547 1
239589 1
380403 1
223931 1
208506 2
208507 3
223928 1
239610 1
223932 1
223920 1
380384 1
223927 1
146802 1
380386 1
146803 1
115928 3
115921 1
239135 3
379917 1
379919 1
379920 1
192960 7
192961 1
379924 1
379926 1
379928 2
239116 1
379930 1
192969 3
239113 1
379933 1
239159 4
115961 2
193011 7
239156 1
224118 3
224119 1
115960 11
224112 1
115966 2
193012 1
115965 1
208829 1
115955 6
193019 1
239164 1
115953 6
115959 7
239162 4
115958 1
239163 1
239160 1
239161 1
115956 5
239143 2
239142 2
239140 1
239139 1
115950 6
239137 1
192998 10
192999 14
208812 1
224109 2
239150 1
224111 1
224110 1
208808 6
115942 9
239147 2
193004 3
239146 1
193005 6
208809 17
115940 1
208811 2
115869 1
115867 1
115866 1
208858 10
208857 11
208862 3
208861 3
224029 1
208832 1
379984 1
224007 1
239177 1
224010 1
239178 1
224049 1
192951 1
115896 6
192957 1
115895 3
115893 9
208891 14
208890 7
115892 6
208893 4
208895 2
146658 2
224045 5
224044 1
224223 4
115792 7
224221 1
115795 8
239257 1
208666 1
208667 2
239259 1
224216 1
239255 1
301888 1
224200 8
208649 2
208646 1
208644 3
115790 2
224252 1
208701 5
208696 2
115831 1
208698 2
146480 2
208688 5
208689 2
224236 2
208687 1
224232 1
146479 2
380083 2
224228 1
380081 2
224224 2
380085 2
208730 1
208728 2
224153 1
208734 3
208735 1
115729 4
115730 4
208733 3
208722 1
208723 1
208720 1
208726 1
208715 2
115713 1
146505 2
208718 1
208707 2
224130 1
146500 1
115727 5
146503 2
115726 2
115721 1
208710 1
224135 2
115720 2
208709 1
224132 2
146499 2
208763 2
115762 1
208765 3
115761 1
208752 1
208753 1
208754 2
224181 4
224168 1
208744 1
224169 1
224170 1
192815 2
208747 1
224171 1
208749 1
224162 1
224164 1
115754 3
237933 1
207086 1
115616 2
7655 1
237931 1
7660 2
7661 1
115627 3
7663 1
7656 1
7657 1
7658 1
7659 1
207103 2
207102 1
317547 4
317545 4
237937 1
115647 3
329240 2
7622 2
329246 1
379741 1
329247 1
115593 1
115598 2
115603 2
7639 2
224285 4
194203 4
317508 2
317505 2
7642 1
7641 1
317503 2
207010 1
317490 1
317493 1
379693 1
115700 1
7604 1
379691 1
7607 2
7609 2
115648 2
194244 7
194245 7
379668 1
194246 2
115678 3
115677 2
194257 1
115675 1
115674 1
194259 1
194083 3
194082 1
194080 2
194087 13
317683 1
317682 1
115503 1
115502 1
194084 6
317695 1
194091 5
194090 2
317693 1
194089 5
194095 3
194094 1
115495 1
194092 1
194098 4
194099 7
194102 4
194103 1
194100 1
115504 1
115506 1
194104 3
115508 2
238073 2
194111 5
194108 3
115511 1
115467 1
194049 1
194048 3
224391 3
194050 1
224397 2
224399 2
194062 1
224405 1
115480 1
224401 1
238047 1
194073 3
7465 1
224480 1
7467 4
7469 3
194158 18
194157 15
237995 1
115552 1
7463 2
302183 1
302181 1
302180 2
302187 1
224510 1
302189 1
379818 1
302188 1
163783 1
115533 1
237958 1
7439 1
194112 2
115524 1
115523 1
379802 1
163784 1
194122 1
379782 1
317575 1
317576 1
317578 1
317580 1
224477 2
379784 1
224479 1
115536 1
224572 2
207357 1
207359 2
194491 1
194490 1
237690 1
194493 1
224569 2
237688 1
194495 1
224565 5
115386 4
115385 1
7421 1
115384 5
317793 1
317792 1
317795 1
7396 2
224552 2
302522 7
224548 1
379505 1
224545 1
115375 1
224544 1
224547 1
379465 1
224538 7
224539 6
237658 2
224534 1
224532 1
224530 1
317763 1
224531 1
345028 1
379462 1
379480 1
207310 2
7364 3
207311 1
302493 1
302491 2
7362 2
379473 1
224518 1
207303 3
115337 1
224517 1
379475 1
224515 1
7369 1
224513 1
163335 1
115445 7
7345 1
207293 1
115443 1
224626 1
224627 1
224628 2
115430 1
115428 1
224623 3
115434 2
7342 1
7343 1
379440 1
7340 2
302538 4
115413 1
302539 4
302536 1
115409 8
302542 5
302543 3
194522 3
302540 2
115411 5
194520 6
302541 4
302530 2
302531 1
194517 1
302529 2
194516 1
194515 14
194514 7
194513 3
302533 1
194512 3
194510 16
194508 5
194506 34
194507 15
115394 1
194504 25
194505 7
302547 2
115404 1
194502 10
302546 3
194503 19
115406 2
302544 3
194498 5
115402 1
194497 1
317924 2
317925 3
146032 1
317927 1
115262 1
115263 1
344935 1
224700 1
224703 1
224702 1
317929 1
317931 2
329650 1
224679 2
7275 1
7273 1
146031 1
207209 1
163473 1
317894 5
7260 1
317895 3
7261 1
207188 2
317892 2
207186 2
146005 1
115229 1
207184 1
194324 1
7258 1
146007 1
194330 1
7254 6
317900 1
317898 2
115221 2
317899 1
115222 1
207175 1
7245 1
7247 2
194311 2
317919 2
207181 1
207179 2
207177 3
194420 1
194423 1
194416 1
194417 1
194418 2
329708 1
379566 1
115318 1
329709 1
194425 2
115312 1
194426 1
194405 2
224738 1
194407 2
145956 1
115307 1
145955 1
224740 2
329712 1
224741 2
194400 1
224742 2
194413 1
7203 1
194412 1
224745 2
194415 3
224746 1
7201 1
224747 1
194409 13
194408 2
7205 1
194410 10
317826 1
237713 1
329671 2
317824 1
237715 1
237719 1
145948 1
163549 1
194398 12
163551 1
194396 15
194397 1
379535 1
115280 1
194394 8
145945 1
224734 1
163547 1
224733 1
329687 1
379541 1
207105 1
379543 2
379542 1
224708 2
145933 1
224714 10
329694 1
329692 2
237707 1
329688 1
405782 18
302744 16
405783 6
405780 1
83975 1
224769 1
115086 2
405790 1
379223 1
405788 1
318034 2
163076 1
405786 1
302743 1
405784 1
224774 2
302728 13
302730 2
405763 1
405761 1
302720 2
302721 2
302722 9
302723 1
302724 6
207573 2
302725 5
224790 5
224810 1
8166 1
318066 2
8168 1
318064 1
8170 1
145895 1
405823 1
318068 1
405818 1
163132 3
344302 3
163135 1
318063 2
193723 2
207615 5
163130 1
318049 1
224817 1
318053 1
145800 1
317982 1
145801 1
302809 1
145807 1
238345 1
317972 1
302807 1
317974 2
163143 1
317969 1
163141 1
317971 1
405825 1
405831 16
405830 4
163154 1
207510 1
405832 1
405839 1
302785 3
163156 1
224878 1
115169 1
115173 1
207528 1
207526 1
238373 1
115177 2
145830 1
318001 2
224894 1
317998 3
238392 1
115189 2
405861 21
405860 4
405863 15
238394 1
302825 5
207543 1
207541 2
317989 1
405869 12
302818 1
405868 2
405871 19
405870 2
302608 9
8009 2
302611 1
8015 1
8013 2
163212 2
207435 1
302620 5
405905 1
405902 1
8026 2
405900 1
8024 1
224917 1
405898 1
405896 1
405894 1
405892 1
224923 1
163229 2
163228 2
8022 2
405891 1
8023 2
405888 1
8020 1
405889 1
163224 2
405949 12
302642 4
163236 2
405948 1
379380 1
379383 1
302640 22
405951 12
405950 6
302646 1
163232 2
302644 17
302650 6
8033 4
8032 2
302651 1
302648 11
379385 1
405937 1
302627 2
405934 1
405928 1
302631 6
224950 1
302630 10
193598 2
302635 7
405926 1
302639 4
302638 3
405983 20
405981 20
145675 1
405970 6
207374 1
405968 9
207369 1
302680 5
302681 1
405974 13
405962 11
405963 15
207382 1
405961 3
224977 1
207376 3
224989 2
405954 7
207388 3
224991 4
207391 1
405953 2
207384 1
207385 3
224998 1
207399 7
302710 21
207398 1
302708 6
224992 1
207407 1
302718 2
238510 1
238511 2
225003 4
302712 10
207401 2
207400 2
225015 1
302695 1
145715 2
302691 5
225021 2
7984 1
225017 3
378957 1
302986 1
162844 1
302984 10
162846 1
162840 1
378955 1
302978 12
302979 3
378951 1
302976 2
302982 3
302983 3
225035 1
303001 2
225032 1
145608 1
303007 5
145610 1
238145 2
238202 1
225080 3
378989 3
225082 3
378988 1
378987 1
303020 1
162874 2
378986 1
162875 1
225085 1
378985 1
225086 1
378983 1
225072 5
225073 1
145653 2
225075 1
145651 2
225076 2
225077 1
225079 4
303033 1
225064 1
162860 14
162859 5
162858 4
162857 7
225071 2
225070 1
303025 3
238110 1
225114 1
303050 1
378895 2
225112 1
303044 2
303041 1
225103 1
378905 3
84289 1
225097 3
145536 1
378897 2
378898 1
225093 2
162883 2
378899 1
207744 1
194043 13
194042 2
378927 1
194047 16
194046 20
225140 1
238131 1
238128 1
405616 1
238125 4
145577 1
207785 1
378930 1
378931 1
145574 2
7768 1
302850 1
7771 1
162961 1
225175 4
162960 1
225174 5
162962 1
225172 5
225179 4
207707 1
225178 3
225177 9
207705 1
225176 3
162969 1
302863 1
225183 1
207711 1
225180 9
379093 1
7755 1
7754 1
207687 4
379089 1
302870 2
7757 1
379091 1
162956 1
7744 1
302875 2
162958 2
302872 1
7747 1
207688 1
225161 2
302878 1
225164 1
162999 1
207728 1
302881 1
379108 1
302883 5
302885 2
379106 1
207733 1
302884 2
302887 2
302886 1
302889 1
405670 1
114742 1
193852 1
225209 1
163006 1
207737 1
114740 2
225211 1
302891 4
207739 1
163004 2
114738 1
302892 3
225215 6
302897 1
302898 1
329143 2
207717 1
302900 43
302902 5
302903 53
329149 2
207721 2
329148 1
329150 1
225195 4
329145 2
225196 3
329147 1
207727 1
302910 6
302919 1
7709 1
207636 1
329158 3
7704 1
7705 1
7706 1
7701 2
7703 1
379020 2
302923 1
379021 3
302934 1
114761 1
225222 2
193858 1
225220 3
225218 2
207618 1
207617 3
207616 2
225217 2
114753 2
145416 1
114757 2
238216 1
379036 1
302936 1
225225 2
225269 2
193904 2
302948 1
405736 15
225271 4
405737 7
225270 1
145462 1
302945 13
405742 1
163062 1
145461 1
163067 10
225276 1
163066 4
405734 4
163070 1
207653 1
405755 1
193889 34
207652 1
193888 12
405753 1
7725 1
225255 1
193890 7
207649 1
405758 1
379061 1
405757 1
379067 2
405747 1
225260 2
405745 1
225262 4
7716 1
225263 1
145455 1
405751 1
225256 1
225257 2
405748 1
342455 1
112879 1
202616 1
112887 1
303916 7
359776 1
130054 1
130055 2
130052 3
390365 1
390362 1
390360 1
390359 1
390356 1
303890 1
217989 1
390350 1
303882 1
218011 1
303884 3
303872 1
390341 1
218003 1
390339 1
359745 1
218005 1
390337 1
359739 1
218095 4
237229 1
237228 1
390330 1
132138 1
237231 4
359743 1
390332 1
8736 1
130149 2
390334 1
130151 2
390320 1
8748 2
8750 2
359728 1
132133 1
8746 2
8753 2
359724 1
132159 1
218104 4
359725 2
218105 3
218103 2
237232 1
390308 1
237233 2
218096 1
132151 1
390311 1
237234 1
359705 1
8710 1
359706 2
359709 2
359710 2
8718 1
8719 1
8716 2
218077 1
8721 2
8735 2
303941 2
8733 2
303943 1
132119 1
8730 2
303938 1
8729 1
132327 1
304058 13
304057 1
304062 17
304063 12
304060 6
304061 6
390244 1
390246 1
217858 1
359895 1
217860 1
390227 1
112712 5
112713 3
359896 1
359885 1
217881 1
359886 1
217882 1
217887 1
237088 1
237089 1
112686 1
112687 1
359866 1
359864 1
359865 2
304122 2
304123 1
390206 1
237111 3
237110 1
359847 1
290477 2
112689 1
237117 1
290476 4
237119 3
359855 1
217940 1
202647 2
202641 1
390151 1
202642 2
304067 1
112669 1
202648 1
202651 1
303656 1
390638 1
113138 1
113136 1
390627 1
390626 1
303655 1
303675 1
303665 1
390604 1
303624 23
390601 1
390597 10
217746 6
217744 5
303616 4
217745 2
390598 6
303622 4
217750 3
303623 7
217751 1
217748 3
217739 5
359517 1
390622 1
147855 1
217737 4
217736 1
359515 1
217743 7
359511 1
237507 1
147841 1
359505 1
202308 1
303726 1
237500 1
390569 1
390568 1
390575 1
237498 1
303720 1
202296 1
202293 1
202292 1
359458 1
202294 1
202289 3
390567 1
202288 1
202284 1
237487 1
390587 1
202285 2
359483 1
359485 1
202280 2
237483 1
202281 1
390591 6
202276 1
202279 2
359434 1
390536 1
359432 1
359433 1
359438 1
359436 1
113046 5
113047 1
113048 12
113049 1
303687 1
217812 2
390531 1
113052 12
390533 1
113053 1
217808 2
290589 2
390553 2
290591 1
390554 2
290581 1
290580 1
390545 1
202243 1
202240 1
390502 3
390503 11
303776 2
390500 1
390498 15
390496 16
390506 23
217632 1
202465 1
217634 2
217635 1
217636 2
217639 1
147758 2
303800 4
359623 1
390469 6
202448 2
390470 9
202455 2
202452 1
202458 1
390476 3
202459 1
390477 12
390478 1
390479 15
390475 2
390485 17
237376 1
390484 8
390487 21
237378 2
390486 1
390480 1
390493 12
112964 10
237386 2
202447 1
112960 4
390489 11
390488 3
112962 8
112963 4
303773 1
237367 1
112955 1
112953 1
217719 9
390432 1
237363 1
112958 1
390439 1
112956 2
112947 1
390442 11
217725 2
390443 4
237374 2
237373 1
217727 3
237372 1
217726 2
217721 17
390446 16
147838 1
217720 3
390444 7
217723 2
112949 1
390445 1
217722 2
390449 6
112937 1
390448 15
390455 16
112940 1
390459 17
390457 8
359613 1
390461 7
390460 6
303815 1
303814 1
112923 1
202386 11
112925 2
112924 1
112927 1
202396 7
359565 1
202392 2
390417 12
390416 2
147778 1
112906 1
147780 1
112908 1
147784 1
202060 1
289887 1
113347 8
113345 2
202056 1
202057 1
289881 1
113349 1
113348 2
272534 39
113354 3
272533 23
113352 3
202048 1
113359 2
113358 2
113362 3
113363 2
113361 3
113366 4
303369 1
113367 2
236760 2
113365 7
303364 1
303365 1
303361 1
217519 5
202094 18
202095 6
390905 1
202092 1
236783 1
217517 1
390906 1
217516 1
217515 1
217514 5
390909 1
202088 1
236778 1
202086 7
202087 9
272565 30
272566 28
202085 6
236774 1
289900 2
236792 1
130613 1
289897 2
303400 1
217529 1
236795 1
289892 2
289894 1
236784 1
289888 1
202098 10
202097 1
289891 1
113295 2
130638 1
303443 6
236699 1
202011 1
303434 6
113298 2
130642 1
303483 1
217571 1
217568 2
217574 1
217573 1
390829 1
113332 2
289832 5
113333 5
202041 1
236730 1
202040 1
202047 1
132665 1
132664 1
113329 4
202045 4
236734 1
132661 2
202033 3
202038 12
130683 1
202037 4
130682 1
236614 10
130697 1
303506 2
202185 10
202187 5
202186 1
113241 10
202207 1
130710 1
113238 1
202201 12
303496 4
390769 5
390768 17
390771 2
202213 2
290039 1
202212 5
390773 2
390775 1
290041 1
390782 12
132848 1
132849 1
390753 1
236663 1
148019 1
303524 1
390757 1
390759 8
202238 4
390760 2
390761 12
390763 2
236664 1
390765 2
390766 1
390767 2
202115 1
390676 19
130764 4
390675 3
390687 13
390686 13
390685 6
390684 17
390683 4
202125 4
202124 1
202127 1
202128 2
132756 1
202131 3
132754 1
202133 1
236566 1
202135 1
202137 1
202138 1
202139 1
148059 1
236581 1
236583 1
148076 1
303611 4
303615 6
303612 9
236593 1
303591 8
390689 8
303592 1
236604 1
342666 1
237021 4
342665 1
237022 1
290120 3
201819 3
237016 1
290121 1
237017 1
201818 2
237018 11
237012 1
237013 2
237014 1
237008 2
342663 1
237009 1
113630 2
237005 2
237007 4
237003 2
201800 12
113606 2
201798 2
236995 1
148410 1
201853 1
148411 2
201854 1
148414 1
342700 1
201848 1
391150 1
130875 1
130874 2
391138 1
148406 1
290175 1
113635 2
130850 1
391162 1
113632 2
113637 2
237030 1
130859 1
130856 1
148384 1
201831 1
237026 4
130860 1
201754 1
148440 9
148441 8
201758 2
201747 5
201746 2
148438 5
201745 4
148439 7
148434 4
201749 2
236937 1
148429 2
132868 1
303186 2
148423 3
148422 1
391058 1
201733 1
201785 13
217338 1
201787 2
236990 2
236988 1
217329 2
391078 1
217331 2
391075 1
391073 1
217335 1
148449 1
290245 2
236885 6
113497 8
113496 6
290247 1
290240 3
236883 2
390982 1
390984 1
236870 3
390995 1
236871 4
236876 6
391001 1
236877 9
236872 4
236873 3
236874 1
303256 6
391011 1
391016 2
391017 1
391037 1
290176 1
390917 1
236820 1
201882 2
201883 2
201886 7
201862 2
236851 2
390950 1
390948 1
236854 1
236858 1
236857 2
236856 1
236862 7
236861 1
201889 6
236835 9
201888 3
201890 6
236838 6
236839 12
236836 28
236842 13
290235 1
236841 18
290238 1
236846 2
236197 2
236192 1
219106 3
219105 1
113825 6
219119 1
113824 1
219117 2
219115 8
219113 2
219126 2
219121 1
236220 1
219130 10
219131 1
343504 1
113803 2
113801 1
201472 1
113805 2
236174 1
219087 2
201480 1
113799 2
201481 1
201482 1
219092 1
236191 2
219097 1
219099 1
236263 1
113893 9
343487 1
113892 1
148655 4
113894 3
113889 5
113888 1
113891 8
148656 1
219062 1
148657 1
148658 4
289384 3
236282 1
236283 6
289390 2
219009 2
113867 1
113866 1
113865 2
236233 1
219021 1
236242 3
113886 3
236243 2
219026 6
236240 1
219027 2
219028 1
219029 2
236244 4
219030 13
148634 1
236077 1
201645 1
201641 2
201639 3
201637 3
236070 4
236071 1
201636 2
201635 2
219007 1
201662 1
201663 1
236095 9
219001 1
218999 6
358817 1
236080 1
358811 1
236040 1
236038 1
148546 1
218945 2
236032 1
218946 1
148566 1
148565 1
343359 11
343358 4
218927 2
236128 4
236130 1
201696 1
201703 1
236134 1
236153 1
218939 1
305067 19
218938 1
305065 10
236154 1
218936 2
201727 2
305059 2
305057 1
218934 1
305061 4
236150 1
305060 1
148494 1
236106 1
305048 5
305049 4
113732 4
305051 1
113730 7
305055 2
113729 2
236098 5
113743 2
113740 4
236102 4
113738 3
201671 1
218904 2
148509 13
358857 1
218909 1
148507 15
113746 1
218908 1
201693 2
201694 1
236125 3
201695 1
236117 2
236469 1
148986 1
236478 1
236476 1
236454 5
218852 2
148967 2
389556 1
236449 3
218851 1
148969 2
148944 1
131345 2
131344 1
114073 2
148946 1
201237 1
131347 5
236444 3
236445 2
236446 1
114066 2
236447 27
114068 2
236441 5
114070 3
358419 1
358417 2
201218 1
201230 1
201228 1
148939 1
148938 1
148943 1
114173 1
114170 1
114164 1
236513 1
201314 1
201315 1
236518 2
236517 1
201318 1
358525 1
148911 1
236523 7
358527 1
148909 1
148908 1
148907 1
236527 2
148906 1
201325 1
114145 1
148884 4
236496 4
236497 1
201297 1
201296 1
114138 1
148882 1
148888 16
148889 12
148890 10
114130 1
148891 2
114131 2
358487 1
358486 3
358485 1
236483 1
236482 1
236491 1
201288 2
148879 2
358492 1
148878 3
236493 1
148873 2
236495 3
131403 1
148859 5
131512 1
148857 3
148861 5
236344 1
236341 1
148848 1
131510 1
201392 1
236338 1
131509 1
148842 1
148840 1
113952 5
236332 1
113953 4
148841 2
389439 1
113956 4
113957 1
236329 5
148837 1
113939 8
113941 3
148829 1
148828 1
113940 8
113942 1
358528 1
148818 2
148821 2
113949 1
113951 9
148823 2
113950 1
148808 1
113921 6
131466 1
148811 1
148813 22
113925 3
236298 1
148815 1
131459 1
113930 1
148802 6
148803 2
148804 5
113933 4
148805 1
148806 2
358637 2
304809 1
304808 1
131580 1
358639 1
201469 3
148793 1
358634 1
201471 1
218675 4
304803 1
148789 4
304805 3
148787 5
218676 2
304807 4
148785 4
148782 3
148780 3
236392 1
201453 1
201452 1
148774 20
148775 8
148772 28
201434 2
131548 2
201435 1
201432 2
389455 1
358604 2
201433 1
131544 2
358602 1
358601 1
131546 1
358598 1
236368 1
131533 1
358622 1
131532 1
236363 2
389461 1
131527 1
358612 1
218624 2
131526 1
218625 2
389459 1
131522 2
131590 1
235651 2
131591 2
304464 1
131588 1
304467 1
131586 2
235653 1
131598 1
235659 2
304473 2
131599 1
131596 1
235663 1
114306 1
235661 1
114305 1
304479 6
131602 1
218583 1
304455 1
149214 1
149215 1
149212 1
218587 1
149220 1
114348 1
235683 1
200993 2
235685 1
114345 2
114344 1
149219 1
149218 2
114341 1
114340 3
114336 10
114338 1
304482 7
304483 11
114366 1
304481 3
304486 7
304484 2
304490 6
131645 1
304491 1
131647 2
304494 2
304492 4
114355 1
131650 1
131651 2
131654 2
149126 2
149124 1
149131 2
131656 2
343963 1
149134 1
149133 1
235730 1
114386 1
114387 1
304392 2
131676 1
218534 1
201063 3
114411 2
304436 2
201068 12
201066 2
201067 1
218536 2
149168 1
201079 5
304419 2
131703 1
201085 1
201084 9
201083 3
201082 3
201081 4
218440 2
359325 1
218441 1
304602 2
304603 1
218443 1
114178 1
218445 1
304593 1
304598 1
149087 1
201112 2
149085 1
288911 1
343880 3
149078 1
288897 2
114203 1
235542 1
201109 1
114201 2
389693 1
389695 1
389689 1
149097 1
389691 1
149092 3
304626 1
131748 3
304630 2
149090 1
304629 1
304619 2
235577 16
131772 10
131773 10
114231 1
304623 2
149115 1
131760 1
201142 1
201141 1
114242 1
131787 1
114241 2
149006 1
114247 4
149007 1
131789 1
304532 15
148994 1
148995 1
201159 1
304528 11
218369 1
114255 3
304529 8
218370 1
304530 2
304525 1
131794 1
149010 1
201175 1
131798 13
131799 1
131796 2
235600 1
131797 1
235628 1
235629 1
235624 3
114276 2
235625 1
304571 1
235626 3
201191 2
149027 1
359403 2
149053 1
201208 1
201209 1
235637 1
201206 1
235636 2
201207 1
149045 1
235635 2
289024 2
218324 1
304202 1
200731 3
390025 1
304206 7
304204 5
390036 1
218307 1
289043 2
390038 1
218304 2
289045 1
218311 1
289044 1
218310 1
304213 1
390044 1
129861 2
390047 1
129856 1
390055 1
235955 2
200755 1
235952 3
235953 3
200759 2
304231 2
200760 1
129910 1
129908 1
304235 2
200762 2
200767 2
149486 1
149484 1
289092 1
289094 1
343687 1
304130 1
200785 1
273805 1
273804 2
390088 1
218268 1
273806 2
304138 1
218241 1
289107 2
390102 1
235971 5
289106 1
200769 7
235970 4
390104 1
343706 1
9541 1
390106 2
390108 2
390110 1
200821 1
200820 1
273829 2
200823 1
273828 2
200822 1
200816 1
289135 2
9589 1
304168 1
218296 1
200824 1
218298 1
359025 3
390130 1
289143 5
9582 1
218277 3
289142 1
359027 3
343730 1
289139 1
218275 3
289136 1
200858 3
200859 2
273738 2
130006 1
289165 1
273740 2
289164 1
273742 1
130002 1
273743 1
130003 2
289166 2
289155 1
114463 4
218193 1
9628 1
273734 1
129989 2
218187 18
218190 1
129984 2
129987 1
129986 1
129997 1
218178 2
304338 2
218179 5
389934 1
235838 1
389928 1
389926 1
304355 1
304359 2
359100 1
289211 1
359103 2
359096 1
289214 1
149352 1
289212 1
200866 1
114474 6
389937 1
389960 1
218143 4
218142 3
389962 1
289225 2
218136 9
218135 3
289217 2
389956 1
389958 1
359130 1
389979 1
304284 1
218124 7
218122 1
289242 1
200905 1
289243 1
218121 3
200904 1
359122 1
235844 2
235841 1
359124 2
235842 1
343572 1
304301 1
235901 1
235899 1
200944 1
200946 1
200936 4
218153 2
390001 1
200934 1
149556 1
374948 1
357861 1
219961 2
392303 1
134394 2
357878 2
357874 2
357884 1
149550 1
235115 1
219925 2
219927 1
235092 1
219929 2
219931 3
235103 1
306063 1
235080 1
149516 1
357849 1
219917 2
149512 1
219918 2
288421 1
288420 2
288417 1
288418 2
288431 4
235071 1
128243 2
306156 1
128244 1
288427 1
288426 1
204711 1
128232 1
134307 1
288433 3
204705 1
134311 4
235043 2
134312 3
134315 1
204717 2
204715 1
128231 2
235050 1
204692 1
288390 3
288389 1
204695 2
80286 1
204690 1
288384 1
306125 3
235039 2
204700 2
306124 1
235038 2
204702 1
204703 1
204698 3
149568 2
204673 2
204675 1
288415 2
306136 1
204665 1
357738 1
357736 1
204659 1
149684 2
204656 5
357728 1
204661 1
149677 1
149676 1
204651 1
149673 1
204654 3
288373 1
204633 2
204634 1
204637 2
305932 1
235228 1
235218 1
235223 1
235211 2
340376 1
235215 3
235214 2
149642 2
149640 2
357712 1
235204 1
288300 1
357674 2
306030 1
392361 1
357672 2
392363 1
357673 1
392367 1
288292 1
204599 1
288294 1
392355 1
288295 1
392357 1
394479 1
204588 2
204586 2
204585 1
204582 1
392369 1
204580 3
204581 1
392374 1
235166 2
204573 1
392330 1
235167 4
392328 1
204568 1
357646 1
204571 1
357648 2
235362 1
204512 1
235364 1
235369 1
110975 1
204530 1
110973 1
235382 1
204536 1
204540 1
128397 2
204487 1
128393 1
204490 1
219662 1
110912 2
219661 2
339974 1
204502 1
219675 1
204504 1
128401 1
235359 1
305908 6
204455 1
110894 2
305904 12
110895 1
305906 1
235296 2
357559 1
235297 3
204460 2
305918 1
204457 2
305912 2
204458 1
110907 1
305893 6
357536 1
110906 1
204464 1
110911 2
204465 1
110908 2
110899 1
392490 1
305901 6
305903 18
305897 1
392492 1
305899 10
219718 1
392465 1
219716 1
235271 1
219714 1
392469 1
392471 1
149831 2
392473 1
149832 1
357507 1
219735 2
235284 1
219737 1
357501 2
357503 3
235503 1
235488 1
340141 1
305706 5
305707 1
305708 1
149944 2
149942 1
340133 1
340135 1
357471 2
149901 2
357469 1
305689 4
149903 2
219791 2
219789 1
219788 1
357461 2
111054 1
111060 1
111058 1
219794 1
219792 1
235439 9
128355 1
235438 8
128352 1
340223 1
219872 1
288561 1
288558 1
111026 2
288553 1
235449 13
288550 1
288544 3
110978 1
305753 1
110983 1
110985 1
149952 1
110987 1
357398 1
357397 1
110990 1
235422 2
204317 2
340175 1
204315 2
235418 2
111195 1
204244 2
111194 1
111193 2
234580 1
111199 1
111197 1
204254 2
204249 2
234585 1
219396 12
305562 2
287975 2
111230 1
111216 1
287980 3
111219 1
234592 1
234594 2
204257 2
111202 1
305596 4
305594 6
305593 1
375495 1
128732 1
128730 1
128727 2
234522 1
204186 1
219485 3
219487 3
375496 3
219486 1
234499 1
204163 2
219515 6
287917 1
287916 1
128754 1
128749 1
219490 1
234529 2
234531 1
128746 1
128741 1
340859 1
234543 1
204125 1
204117 1
287814 3
287815 1
204119 1
204113 1
204115 2
219533 2
287838 1
219535 1
219534 1
392927 1
219531 1
134723 2
234690 3
234689 3
392937 2
340904 1
392941 2
392943 1
134769 1
392929 1
392928 1
305442 7
204142 1
392952 1
134761 1
204140 1
134765 1
392958 1
204132 1
134681 1
111248 5
305473 1
134677 1
111260 8
134675 1
219593 1
111238 1
80653 1
111242 4
287765 1
219591 1
287764 1
204091 1
234687 1
111277 2
111276 1
111273 1
111275 1
111274 1
219143 1
219140 1
219138 1
234817 2
219150 1
234828 1
219144 1
80600 1
234839 2
288195 3
234845 1
234841 1
234843 1
234852 1
234850 1
234862 10
234863 1
234860 6
219183 1
234861 5
234858 4
234859 1
234856 6
234857 1
234871 10
234870 1
234867 1
135159 1
234866 2
234865 3
135160 1
234873 3
203911 1
219207 4
203915 1
288152 1
219211 1
203913 1
219214 5
219215 1
135051 1
219219 3
288129 2
219218 2
219217 2
219223 5
219226 4
234779 2
219224 2
234781 2
234780 1
305392 9
234787 4
305393 2
305394 9
305395 2
288182 1
234790 5
305396 6
288183 1
234788 1
288181 1
288186 4
234794 1
305377 3
305376 4
150387 1
305389 7
288174 1
150394 1
305388 1
288094 2
203848 1
128775 1
128777 9
128778 14
128781 2
305166 1
128787 3
128786 1
305162 1
305163 1
219282 1
203885 3
340667 2
203887 2
128810 2
340657 1
150439 1
128823 1
128822 3
305194 1
340654 1
203892 1
305189 1
203890 1
305242 1
128832 1
234892 1
305246 1
357913 1
305245 1
288017 1
357910 1
203776 2
357906 1
357905 1
288013 1
234911 1
80415 1
357888 1
203816 2
203817 2
288056 3
234927 12
234915 10
234914 12
203811 1
305269 1
288055 5
288054 1
305271 1
203814 2
305254 1
221055 1
307183 1
221054 2
150651 1
127218 7
221052 1
150653 1
221051 2
391213 14
391214 8
391215 8
391203 1
111677 4
111679 1
111678 4
221036 2
221034 1
234024 1
391231 25
391230 25
234020 1
221030 7
307190 1
307188 2
221028 6
391219 16
221029 1
234023 2
221026 2
391221 10
234017 1
391178 14
221020 9
150623 1
203672 3
391182 1
221017 10
221016 29
203673 3
150621 1
203674 1
391180 25
221018 5
203668 1
391170 12
391171 8
203670 1
391169 1
221014 2
391172 8
150602 1
391195 1
81280 1
203657 1
391197 1
203658 1
150594 2
391187 1
233990 3
220998 3
150592 3
391185 1
203771 4
203774 1
391272 4
391273 6
203772 1
391264 1
164210 29
203764 1
164208 18
391267 6
164206 10
164207 1
164204 2
164202 1
164201 1
391285 2
164188 1
203728 2
203729 1
203730 1
111709 1
203731 1
203733 1
164176 2
111705 2
203721 1
391262 2
164175 2
391260 2
111682 4
391259 2
111683 6
111680 7
111681 2
111691 1
164274 4
164275 2
164278 2
150773 1
164279 4
164276 2
164277 1
150777 1
391354 21
203562 1
391356 19
391357 2
234135 1
234130 1
307008 1
391303 2
391302 2
203536 2
221148 2
203548 1
221149 2
391305 3
221150 3
391310 2
391309 3
203525 2
127048 1
391312 3
111758 1
203522 2
111756 1
234112 1
164233 1
234121 1
203635 2
306978 1
391397 8
203634 1
306982 1
127033 12
306983 1
203638 2
306980 2
203636 1
391405 18
203641 1
391407 2
391400 2
391403 15
391402 5
391412 3
391414 2
391408 11
391409 15
111848 2
306996 2
111845 3
111846 2
221072 2
306948 1
203607 1
221057 11
391382 1
221059 2
391378 1
221060 6
221063 6
221062 1
221065 2
221067 7
221066 5
221069 3
391386 1
221068 1
221071 2
221070 1
203424 2
133560 1
203455 12
234295 3
133554 1
220790 1
133558 1
220750 2
203406 1
203403 1
203402 1
220744 1
220743 3
391443 1
220740 1
203396 2
203395 1
341066 1
203420 1
203418 1
203416 2
220759 2
203414 1
203415 1
220758 2
203412 1
203413 1
203410 2
203411 2
203501 5
203500 1
203491 3
203493 1
341040 1
341036 1
234363 1
234361 1
234355 1
203508 1
220682 1
220683 3
220680 1
111943 8
203459 9
341015 1
287697 1
203458 9
220672 1
341012 1
220678 1
111945 7
111946 3
111947 1
203460 1
306827 2
341007 1
306826 1
340999 1
340996 1
306816 1
306805 1
220903 1
112040 7
112046 1
234415 2
234414 2
112034 2
203310 1
220910 1
234412 2
306809 3
220904 1
112038 2
203306 1
220916 1
234422 1
203316 1
112059 1
112062 4
112063 1
220914 2
287520 2
234417 1
112050 2
133435 1
112051 2
234431 1
234428 1
112049 1
133432 3
220920 3
234426 2
112054 5
234427 1
220922 2
112053 3
220867 1
220865 1
341210 1
234388 2
234389 2
306754 4
306752 1
127315 1
133402 1
220833 4
164068 1
164071 1
287601 1
306739 1
164065 1
164064 1
164067 1
306743 1
306742 1
220841 1
127270 5
112102 3
112100 3
112098 6
112096 4
287586 1
127295 2
112127 3
127294 2
341158 1
306723 2
203383 1
220856 2
203387 1
220859 1
203388 1
306734 1
306735 1
234433 2
112076 2
234435 1
112073 2
112072 6
234436 1
234439 2
133452 1
234441 3
112071 3
234443 3
112065 3
234445 4
220814 1
133450 1
287582 1
112092 2
112093 6
133463 1
306688 1
112095 2
306694 1
112089 2
306693 1
133469 1
306698 2
112085 3
306697 1
220830 4
306700 5
306701 1
306633 1
203160 1
341838 1
233497 4
341832 1
203164 19
233503 7
341833 1
203165 2
112144 5
203152 1
233490 2
203155 2
203157 1
203145 1
233482 1
233483 1
233480 1
112132 3
233481 1
112130 3
203148 1
203151 1
112128 3
112129 3
112142 1
81804 1
112140 4
133763 1
233478 3
112139 1
233479 3
203143 1
306665 1
306671 1
233535 5
233521 1
220531 1
306658 1
233520 1
233523 2
220533 1
306680 1
306681 2
233517 1
306674 1
233504 5
233507 1
233508 1
127632 1
127623 9
127622 2
233545 5
127627 5
127626 8
127625 1
127624 5
127631 3
233538 4
127630 2
233537 4
391784 1
306607 1
391785 1
306606 1
306605 1
341806 1
391789 1
306602 1
341804 1
306601 2
391777 1
306598 1
306597 1
233585 1
391780 1
112253 4
233584 2
112255 1
341819 1
233580 9
233581 8
391800 1
393779 1
233582 2
341816 1
233583 6
306621 7
341823 1
393781 1
233576 10
233577 4
393783 1
306610 3
306608 4
233571 1
233618 3
233619 1
233616 6
233620 2
112276 3
306507 1
233625 1
112274 3
306508 1
112272 3
112270 1
306515 1
203010 1
112264 1
233611 4
112262 1
233610 1
112260 1
233615 5
357147 1
233613 1
112256 3
133685 1
233648 2
233649 1
127615 1
376416 1
306535 1
203062 1
127611 1
127610 1
133693 1
133692 1
233657 2
133689 1
220670 1
127601 5
127600 1
233663 1
127596 10
220641 1
220647 1
233638 1
220651 1
233643 1
220648 1
81701 2
306559 2
220653 2
133714 1
357186 2
233684 1
357187 1
233682 1
357189 1
203101 1
220568 1
133698 1
112331 2
306452 1
306455 1
112328 1
133702 1
112334 2
233666 1
220557 2
233677 1
112327 1
127494 1
233675 1
112326 1
127493 1
233672 1
357219 1
357221 1
357226 1
133755 1
133754 1
220583 1
203110 1
203111 1
220581 2
127530 6
203108 1
220580 1
133738 1
306492 1
306491 1
220585 1
233737 4
134031 1
233738 3
233740 6
220238 1
233741 3
134027 1
220236 1
233742 2
233743 4
202883 5
357015 1
134022 1
357010 2
306390 2
202886 1
202884 3
306389 4
134044 1
202910 1
202898 8
202899 4
233747 2
233749 1
202900 1
233770 1
202923 1
202922 4
233775 1
202927 2
220258 1
220260 1
233767 1
134050 3
233785 1
202938 1
202928 5
202930 2
202931 1
357025 1
202932 3
233806 1
134093 1
134095 1
202953 2
134094 1
357075 2
112458 1
112460 2
220189 1
376714 1
220187 1
202970 1
233817 2
306313 1
127894 3
233818 1
127898 2
233815 4
233814 4
127900 2
202990 1
202985 1
233835 4
233830 3
202983 1
233827 2
203004 2
203005 6
203007 1
203002 2
202996 1
202997 2
220215 2
202994 1
356884 1
202758 3
202759 2
233860 1
127819 1
164494 1
164492 1
164491 1
164488 1
127854 1
164514 1
127849 1
306297 1
202797 2
306274 2
306277 5
306278 3
202809 1
306280 5
202810 1
151549 6
127859 2
127858 2
306286 1
356951 1
133958 1
356948 1
133961 1
133962 1
220301 1
133963 1
133964 1
133965 1
220318 1
233948 1
164571 1
220316 1
164574 1
341646 2
164573 3
233947 1
220325 1
233959 3
220327 1
202854 1
233956 1
233954 1
164585 1
202861 1
164587 1
202863 1
233963 1
112615 1
220328 1
112613 2
233961 2
134003 2
220340 1
134002 1
202871 2
202870 1
220336 1
134005 10
134004 1
356970 1
202879 3
356971 1
202873 2
198235 1
198232 1
136536 1
198226 2
151956 1
136534 1
198225 1
198230 1
151952 2
151948 3
233416 5
368924 1
151949 2
233419 1
368927 1
198222 2
198211 1
213634 7
151941 1
213635 3
233409 4
213632 3
198215 1
198214 2
198213 1
151999 2
368943 1
136575 1
186429 3
136572 1
186430 3
151997 1
368940 1
307757 1
136571 1
136566 1
198256 1
151991 3
198257 2
198259 1
151987 1
186418 2
186413 5
213672 1
136558 1
294779 1
213673 1
136556 1
213675 1
213676 1
198254 2
151974 1
198241 2
368950 1
151975 3
294771 1
151972 1
368948 1
151970 1
136472 7
233373 1
307790 1
307788 1
307786 1
233368 1
186463 1
307784 1
136464 7
136465 1
307781 1
368963 5
198165 1
233361 3
368965 1
233360 1
213713 1
233363 1
136471 2
198159 1
368984 9
152008 1
213710 1
368985 2
233357 6
152009 2
233358 4
198156 1
233359 3
136461 1
198154 3
186435 7
186434 12
152002 2
198148 1
152003 7
152004 3
186438 14
152005 4
108942 1
198144 1
152007 1
198204 2
369003 12
213757 2
198205 1
233406 1
369001 21
186491 1
369000 2
186492 1
233402 5
338157 5
186494 1
369005 3
213755 1
338158 1
213754 2
307812 3
233397 7
307814 2
233395 10
368997 9
233393 4
233390 5
338169 1
136490 1
233391 3
233388 1
198190 1
338170 1
233389 4
233386 1
338173 5
369010 5
213732 2
198180 2
213734 2
213735 1
136487 1
369012 3
186471 2
213526 8
213527 4
213525 2
151836 1
213530 5
213531 3
307848 2
213534 3
198367 2
213535 5
151833 3
151834 1
213532 5
213533 1
151813 1
248707 1
151809 1
198343 1
186496 1
186510 2
186505 1
248755 1
233330 5
248754 1
307874 1
151860 2
186550 3
151858 1
213556 8
198389 6
307876 5
198388 3
213558 1
186547 1
198390 8
213560 2
198393 2
198395 2
213562 13
248761 3
151866 1
198397 1
186553 1
213564 15
186552 1
198399 3
213566 15
186555 2
198398 7
213537 9
198368 1
369078 1
369077 1
213539 2
136677 1
213538 3
213541 5
294903 3
136672 1
213543 2
294901 6
294900 4
213545 18
213544 2
213547 6
294905 7
294904 1
186579 13
136592 1
186577 6
233232 2
198289 1
213584 4
369100 20
369101 1
198278 1
213575 1
213574 6
213573 1
198276 2
198277 3
186561 4
338006 1
213571 1
248768 1
186565 1
233229 10
213583 9
233228 10
186568 10
213579 12
198280 4
213577 4
186572 2
136591 1
213576 3
369122 6
108858 2
233271 1
108859 2
151920 1
233268 1
369120 14
108856 2
198320 1
369124 6
338027 4
213630 6
213631 3
186621 1
186623 12
151907 2
213607 1
307959 3
213601 4
151910 1
151909 1
248800 3
213602 1
248812 1
307966 1
248810 1
151917 1
248808 3
294488 1
198479 3
307999 1
186629 1
186630 2
186625 4
368658 1
186627 19
368656 1
186626 3
368655 1
186653 1
151708 1
307969 3
307970 2
368641 16
308026 3
308024 2
248367 3
308018 1
308016 1
186660 3
368688 3
248357 4
186659 1
368689 6
186658 11
48111 1
308011 1
308010 2
198520 1
368687 6
368686 1
308008 1
368681 7
186682 2
308014 1
186681 2
198514 1
368677 10
248368 3
368676 2
248369 1
308002 2
248370 2
308007 1
368673 6
248372 3
233204 2
368672 2
368675 14
368674 5
308004 1
213964 1
233102 1
368730 4
151755 1
151758 1
213961 1
233096 1
368732 5
233094 1
213956 1
368722 11
368723 2
213958 1
368720 14
368721 1
233093 1
198406 5
151750 1
368726 2
368727 1
233091 1
368724 6
198402 3
186716 1
198421 8
198422 6
198423 9
233133 1
233135 3
338431 3
368766 3
338428 3
368767 1
233124 2
198438 4
198436 3
368756 1
108716 2
368757 3
108718 2
368744 6
368747 9
368746 3
198458 2
368749 7
198456 1
368737 3
368736 1
368739 6
368738 2
214001 1
214000 1
198449 1
198592 1
213761 2
248451 1
213760 2
213765 1
248454 3
248455 3
213767 2
151553 28
248453 1
248458 1
213768 1
248459 1
136396 1
248462 2
151561 3
338202 7
308098 2
368770 19
368771 3
368768 9
136415 3
233051 1
198619 4
368778 21
198621 2
198620 1
198623 3
368776 5
136420 1
213795 2
151588 1
198628 3
213796 1
198635 3
151599 1
136424 2
213810 1
151604 1
198642 21
233074 1
198641 22
213814 1
213815 1
213812 1
213818 1
213819 1
198649 2
233082 2
233085 1
198654 2
151609 2
108555 1
108553 1
186822 1
108557 1
108556 1
108544 1
213833 1
151629 2
108549 1
232980 2
198545 3
151636 1
136340 1
198557 1
248543 2
232990 1
232991 4
198556 2
136345 1
232988 1
232987 1
248538 2
232984 1
213863 1
248549 1
198567 3
248551 1
232993 4
248545 12
213856 1
248547 2
368886 1
338298 8
198570 2
198583 2
136368 1
233014 1
233022 1
108594 2
151677 1
198585 1
294254 1
137080 1
294253 1
197758 4
137081 1
197759 1
126769 2
197753 13
197754 5
197755 7
213173 1
369443 1
248118 1
213175 1
197751 3
369447 1
137078 3
232947 1
137079 1
369446 5
369445 4
248112 1
369444 2
186921 1
248110 4
232940 1
248108 5
248107 1
294262 1
307252 1
109547 2
307253 1
186915 2
152480 2
197729 2
186917 2
197728 2
186916 2
307215 2
213146 1
307210 2
213144 1
248091 1
232917 2
232916 2
213142 2
248086 4
248087 1
197714 1
213139 1
294208 1
126750 5
248076 4
248079 5
126724 1
232905 1
197704 2
307222 2
197702 2
307220 2
307221 1
307218 2
307217 1
232891 3
232890 4
152573 2
187006 1
197690 3
152572 1
109491 2
187000 7
187001 1
187002 1
186996 3
197682 6
213234 1
197683 2
186992 1
213237 1
109498 2
186994 1
197686 4
197687 2
294202 1
232874 2
186989 8
186988 2
186991 5
186990 4
294206 1
109474 3
213229 1
109472 1
186987 20
109486 1
232866 1
186981 28
248162 1
109487 1
232867 1
248160 1
186982 1
232870 2
186977 22
294199 1
186979 6
232856 3
126807 1
136984 1
109457 2
126800 7
186970 2
126801 3
186968 3
186969 1
152533 3
186966 1
186962 1
197654 1
186960 3
197652 3
152531 1
307290 1
307291 1
186957 8
248138 1
186956 10
248141 1
197646 1
109441 2
186954 2
186949 1
197633 2
197639 3
276775 1
187057 1
126907 1
232823 1
338464 6
187059 2
338467 5
187058 6
187061 4
187060 2
248240 1
294383 2
187067 1
276778 1
276777 1
276776 1
232807 1
232805 1
232804 4
294386 1
137188 1
137189 1
187049 2
276796 1
248236 3
276797 1
47206 1
232812 1
248235 4
187054 1
232809 3
248233 1
213014 6
232788 2
213015 9
232789 2
232790 1
338433 3
232791 1
232787 3
338443 5
338442 2
232797 3
213020 2
126869 1
213018 2
338447 6
232773 3
187008 2
232775 1
187014 1
276760 1
187118 1
187113 2
137109 1
137108 1
137111 1
213078 1
232726 1
232728 1
213082 1
197786 5
197785 2
232732 1
213086 1
232734 1
197762 1
187079 1
232709 1
213063 3
213062 3
232711 1
137100 3
232713 1
126916 2
213067 7
197770 10
197771 1
213066 3
137102 2
232715 2
213065 11
213064 1
187083 2
187080 7
232684 3
307518 1
307519 1
213420 1
307516 1
232686 2
213418 1
294008 2
307514 1
294009 2
294010 2
232682 1
307512 2
307510 2
126507 1
197988 1
126506 1
307506 3
307504 2
197985 1
232701 4
136827 1
232702 2
213433 1
232699 1
213429 1
232689 2
232688 1
232691 3
213388 3
338841 10
338840 4
247822 2
213390 1
338843 9
109248 8
247821 4
338842 11
109249 1
247820 2
338845 5
338844 2
247818 2
247816 3
109256 1
126479 1
338837 10
126477 2
338839 2
338838 1
213404 2
152218 1
126480 1
213407 2
232669 2
197983 1
152216 3
213401 1
232667 1
197976 14
213400 2
197977 5
197978 5
197979 4
213397 1
197972 2
152209 5
213393 2
152215 4
213392 2
152214 1
197971 1
232617 1
247912 2
197923 4
247904 2
247906 2
197926 1
197947 3
197944 25
197949 1
247935 1
197939 1
109247 1
152310 3
197942 3
197941 6
152268 1
152264 5
197889 1
213442 1
197891 1
197890 1
152258 1
307529 2
247898 1
232602 1
307528 4
247899 2
307531 6
232600 1
307521 4
247891 1
307523 1
307525 2
247894 1
247892 1
247893 1
307526 6
307639 12
198116 1
307637 5
247974 1
307636 3
307633 4
338746 1
213295 1
213294 1
232559 2
247977 1
307641 1
307622 2
213302 1
232566 1
198131 1
213298 1
232560 1
247987 1
198128 2
213310 1
307630 14
369321 4
369322 1
307628 4
247998 1
369323 2
232568 1
307626 8
232570 1
307624 9
213305 1
152071 3
247938 2
307600 1
232513 1
247936 2
232527 1
152075 1
152073 2
152072 1
213257 1
294107 1
213259 1
294105 2
232528 1
198109 1
307596 11
307597 5
213277 1
338806 3
152164 4
307696 1
152163 1
248038 1
369395 3
126698 3
126699 2
198058 1
126692 6
248041 1
126693 2
248042 1
187370 1
198062 2
198066 1
307683 4
198065 1
307680 5
187381 3
126713 1
338787 14
232502 1
338785 15
338784 3
338799 2
338798 5
198073 1
338797 11
232507 2
232509 1
232510 3
136838 1
369367 5
136836 1
369365 3
369363 5
369362 6
307671 4
338780 10
338782 10
369371 17
338776 11
338777 4
198030 1
198031 1
198037 1
294020 5
294021 5
307656 12
307657 1
307658 6
307660 12
369985 5
369989 5
369993 6
369992 1
232351 1
369995 16
369997 7
370000 3
370001 3
370002 22
370003 3
370004 2
370006 9
109967 2
125253 2
214773 1
214772 1
214775 1
370020 2
214781 1
214780 2
232358 1
214757 2
214759 1
370038 11
370036 9
308850 1
214765 1
370040 6
214766 2
308742 1
369923 1
308751 1
339103 1
152969 1
308771 1
308773 1
110067 4
369974 5
369970 9
369982 9
153004 1
369978 9
153003 1
369976 1
187610 1
197276 3
339023 2
109846 1
187602 1
152913 1
370116 7
370117 5
187605 1
370118 12
232205 1
187595 1
187598 4
370143 1
232199 1
187590 1
187591 1
187641 6
125426 1
187640 1
370146 4
187635 1
197296 2
187639 3
197299 3
370148 2
197292 2
152936 2
197288 2
232234 1
197289 2
152941 1
197290 1
197284 1
152930 1
197286 4
339058 3
125333 1
109908 6
152860 2
308874 1
109909 7
308872 1
109911 2
197343 4
109904 3
308878 1
109905 2
152857 2
197331 3
109916 4
109917 1
197328 3
125337 9
125336 3
109913 2
197332 1
308869 1
197323 2
308889 1
152840 1
197325 1
152837 1
308883 1
308886 1
370086 6
370087 2
308901 1
197352 2
152878 1
187565 5
197353 2
152877 1
308923 1
109922 5
109921 2
197345 2
308917 2
152865 1
187713 1
309076 1
187712 1
152771 1
309078 5
109704 2
309079 1
232066 1
152774 1
309073 2
152775 1
309075 1
187721 1
309084 2
309085 2
197391 3
187723 3
309087 2
187725 1
309080 3
109702 2
309081 3
232087 1
152788 1
152795 1
309071 3
215006 1
215001 1
232091 1
152798 1
187741 2
309064 1
187743 1
187747 1
215015 1
309106 1
215011 1
152807 1
215022 1
293436 2
232108 2
293437 4
152817 1
309093 1
152818 1
215027 1
232112 1
309088 2
90610 1
215037 2
232121 1
215035 2
369686 5
369684 16
109772 4
369685 11
293462 1
187649 4
214916 2
369682 12
152706 1
109771 4
152704 6
152705 1
293467 2
152719 1
214921 1
369695 1
109764 8
293470 1
197453 2
109763 1
369691 1
369688 1
293469 1
152735 1
369679 10
152734 4
152730 1
187687 1
369716 8
152743 3
293491 2
369712 1
293493 2
152748 1
187694 7
152751 3
187690 4
152756 4
187700 2
187701 1
187698 2
152753 5
187699 1
152754 1
187697 2
369698 1
187849 1
293534 2
293533 2
187850 5
187852 2
187842 13
369879 10
187844 9
187846 1
187865 1
187864 1
187869 4
187871 9
187870 5
187857 8
109595 1
187859 11
369860 1
187862 11
197550 1
187880 1
309240 1
197542 1
152673 3
187874 6
187875 2
187872 12
187873 1
152677 1
187878 4
214881 2
187876 1
187877 2
152696 2
187899 2
109617 11
369898 1
197564 1
109619 2
109620 2
152701 4
187901 1
187891 3
187890 3
214900 1
187895 1
214899 4
152693 2
369894 3
231987 1
152695 9
369820 3
197580 10
197581 1
197582 2
197583 1
214785 1
214787 1
152581 2
197574 1
197593 3
187805 1
232027 2
152607 1
197595 11
214812 1
197597 7
214813 1
197596 6
214814 1
187803 1
197599 5
197598 7
197585 9
197587 3
197589 7
197588 5
197591 10
232040 1
109671 4
109670 15
197614 1
232044 1
214819 1
197602 15
152615 1
197600 8
232035 1
152614 2
197601 5
187813 7
152609 1
187810 7
109673 4
197606 7
152608 1
197607 2
109672 5
197604 1
197605 2
197627 2
187837 16
232059 1
187836 9
197631 2
197619 5
197618 1
197623 1
188021 1
125823 2
231863 1
231861 1
125810 1
125809 1
196671 1
188000 1
125795 1
196652 1
187990 1
187989 1
187986 1
187984 1
187998 1
196634 1
196632 2
125777 1
196611 19
187969 1
125765 5
196616 3
125761 1
125760 2
196621 2
125762 1
196724 1
136051 5
136054 4
187957 1
136055 2
187958 1
125757 1
196732 1
125746 3
136056 1
125748 2
187967 1
125738 1
125737 2
187943 4
187944 1
125729 2
125735 1
187948 1
125733 1
110553 1
196692 1
196677 1
196676 1
110542 1
110543 1
339611 13
125696 1
339610 4
196685 1
110533 9
110534 2
293290 2
293291 4
293294 2
293292 2
339557 1
188148 2
136114 1
188147 1
136112 1
196768 1
196772 2
125909 1
125905 1
125907 1
196765 1
196752 1
231691 1
293279 2
231680 1
188100 1
188098 1
308399 2
136184 1
308393 1
308394 3
188094 1
308395 1
308390 2
196851 1
153387 1
125858 9
125859 6
153384 1
153379 1
125866 3
125870 4
153380 1
339467 1
125841 5
125840 3
125843 11
125845 3
196825 1
125847 4
125846 1
125849 6
125848 3
125853 1
125855 13
125854 3
125824 1
153344 1
125837 4
231586 1
196896 1
231589 1
231590 2
370302 11
196913 1
153331 1
370262 3
196867 2
188231 9
370260 3
188230 2
370258 2
370256 3
188237 18
196873 4
125510 1
188236 11
188239 5
196875 2
188238 10
125507 1
188233 5
188232 7
188235 1
370264 1
196879 3
188244 8
110239 6
370247 2
188245 4
125530 1
370243 1
110234 2
196886 1
188242 4
370241 1
188243 6
370253 2
370252 3
370251 1
370249 2
370248 2
370224 4
370225 2
370226 5
196964 1
308530 1
370228 7
188199 6
196962 1
188198 2
308528 1
188197 4
370230 4
196960 1
370232 2
370234 2
188207 1
370236 8
125477 2
188206 1
248875 2
370238 1
248874 1
308519 1
125500 1
308514 1
308513 1
196977 1
153273 2
308527 2
153275 2
370219 2
196986 1
370221 7
370223 6
370222 1
196933 1
248839 10
370194 2
248838 3
370198 2
196928 1
248847 2
370200 2
308504 2
196948 1
196949 1
125464 1
125465 1
188179 4
188182 4
370181 12
188184 5
370187 13
125459 1
188186 5
370185 14
248861 1
125462 1
135775 1
196955 1
339838 1
308731 1
197032 2
308734 1
339832 1
125679 1
308720 11
197030 2
308726 1
125684 1
110129 1
125693 1
308706 6
308707 1
308704 15
308705 8
188404 1
308710 2
308708 1
308697 1
125639 10
308699 4
110085 1
231433 2
125636 3
110084 1
125637 1
231439 1
308701 2
125634 2
308700 2
308703 16
197007 1
308691 1
308693 1
308695 1
125640 3
125641 2
308694 1
339788 1
197016 2
153180 1
197019 1
197023 2
197009 1
308672 1
231441 1
308675 1
308676 4
370370 5
308677 2
308678 1
231444 2
370368 6
308671 1
308669 2
293109 1
293108 1
293111 3
308660 3
293104 1
308658 9
293106 2
339754 1
293101 1
293103 2
197107 1
308642 1
197104 1
308639 1
370323 1
125591 1
153119 1
125590 1
125589 9
215554 1
246657 1
215552 1
246661 2
246663 1
200399 2
246669 2
231247 1
246671 2
200402 2
231253 2
200405 2
231256 1
231257 3
231261 1
231262 1
246687 5
231263 2
106863 2
246690 4
231267 1
231266 1
231265 1
246688 2
200419 1
231264 1
292855 3
200420 1
246695 6
246698 3
292857 2
246696 3
231278 1
231277 5
200431 1
246701 4
231282 1
231283 4
200437 1
138739 1
231287 1
138737 1
106872 1
138751 1
292757 1
292756 1
292759 2
246727 4
231168 2
246732 3
231181 2
106755 1
106757 1
246730 1
215624 1
292762 1
215638 1
292741 1
231189 1
292742 1
231190 2
292743 1
231191 4
215632 1
215633 1
231187 1
292748 1
292750 1
246751 3
231199 1
231192 1
309962 1
292745 1
215653 1
231207 3
215655 2
231204 2
371191 1
231202 3
246752 1
231200 1
246766 11
371195 6
371194 5
246764 6
371193 2
246765 7
231208 2
124411 1
200373 1
124409 1
215665 1
124405 1
215691 2
309785 1
231371 2
309790 4
231373 1
231375 2
138565 1
370964 1
370965 2
309782 1
153986 1
124171 2
124170 3
231385 2
200283 1
231384 2
370953 2
231388 4
231391 2
231377 1
309763 1
124189 1
231376 1
309761 1
231379 3
215696 1
200278 1
231381 1
124186 1
231382 1
200296 4
200303 1
200302 1
138599 1
200291 4
231392 1
231393 2
106999 2
231419 2
138620 5
246590 2
138618 3
138619 1
246588 1
231421 1
246589 1
309793 1
231415 4
309799 4
138505 4
138504 1
138507 4
138509 3
138497 2
138501 2
200192 2
309841 5
138521 1
231324 1
200220 3
231327 1
200218 6
200219 1
200216 5
215766 1
200212 1
200213 1
246610 1
231342 1
138538 1
215789 1
231343 3
371067 2
371064 5
231340 1
138536 1
200233 2
231338 1
215785 1
231339 1
371071 1
371068 10
371069 1
246631 1
138531 2
371058 4
309876 2
215781 1
138529 1
371056 5
231332 3
371057 4
231333 1
371062 4
138534 2
371060 11
371061 1
231329 1
138558 1
371055 3
371054 1
200249 1
200250 4
371053 12
246646 2
138547 1
246644 2
231348 1
138550 1
200657 1
200659 1
215827 1
215829 1
106587 3
200663 2
310150 1
200662 1
310151 12
200665 1
106582 2
310152 2
310153 5
138461 1
106580 3
138458 4
200671 1
310158 1
310163 5
215817 1
215819 1
200651 1
124032 1
106620 3
138485 3
138484 2
106621 1
106623 4
138481 6
200695 10
106616 2
106617 2
200693 17
106618 3
138482 10
200692 1
106619 1
138492 2
106614 3
138494 1
106615 1
138489 1
138488 1
200672 1
138464 2
138477 15
138473 9
138474 11
106526 4
106527 2
230928 2
138389 3
138399 1
215877 2
138368 2
215879 1
215878 1
215885 1
200589 2
230926 3
230924 1
336227 3
336226 4
336231 4
310255 1
200614 2
200615 1
310262 1
138404 2
336246 6
310258 1
336244 2
246508 5
138410 5
246505 1
200616 1
200617 2
123926 1
310025 5
123924 2
310031 6
231127 2
123928 1
231114 2
106694 1
106695 1
231112 2
106692 5
123908 1
106690 5
138314 1
123905 1
310046 2
138312 1
310047 1
310032 1
138310 2
231110 1
231111 2
138305 2
106697 1
310057 6
200573 2
200562 1
310051 2
310050 2
106724 1
106726 1
200559 1
153761 1
246366 2
123984 1
123994 1
123998 1
246354 3
200465 1
123996 1
106653 2
310108 3
246351 1
246350 4
310109 4
310110 3
246347 1
200453 2
310100 5
310101 1
200455 1
123983 1
216063 1
336362 8
231101 1
216061 1
310125 1
231103 1
231102 1
336366 2
231097 2
138301 7
231096 1
216057 1
336354 1
200502 1
200503 3
336352 1
216051 1
336358 5
292387 1
336379 4
310140 1
124003 1
106658 2
106660 1
310136 1
106662 8
106664 8
310132 1
336369 10
106666 5
336368 4
310130 1
246369 2
106668 6
336374 2
336373 9
336372 8
199908 1
326773 2
199909 1
230757 1
139232 2
199910 1
139238 1
199905 3
326771 1
139242 4
246191 2
326779 1
215095 1
246196 3
139259 2
215101 2
199929 1
230779 2
246202 3
139262 3
139261 1
139200 1
139202 2
139203 2
139204 1
246144 1
230721 2
230720 2
246146 1
199886 1
199887 1
139209 1
199885 2
246153 1
309382 1
139218 2
199889 1
246173 2
139225 1
246172 2
139229 2
139228 1
139231 3
230747 1
107311 1
107310 1
230690 2
139172 2
139170 2
199851 1
107299 1
199853 1
246252 1
107296 2
139191 2
139190 2
139188 2
230711 5
139199 2
230718 1
199869 3
139195 2
199871 7
139192 1
139136 2
139137 1
139138 1
139139 1
246216 1
199818 1
246217 1
199819 9
139149 1
199816 13
199817 1
139151 1
199822 2
139145 2
230671 4
199820 3
246223 2
139147 2
230672 2
230673 2
246227 1
107295 1
215127 1
246231 1
199835 1
246233 5
215131 1
246232 9
246234 3
139161 1
199838 1
107281 1
139160 1
215212 1
107491 1
139112 1
107494 2
215209 2
199787 1
309300 1
139106 3
215206 1
215207 1
246051 1
215200 1
199777 1
215201 1
139109 2
292182 1
199749 1
139075 1
199747 1
139077 1
199745 1
309264 1
199744 1
139096 1
139097 1
199771 2
199768 2
309257 1
139088 1
199766 7
139089 1
139090 4
139093 6
215272 1
309368 4
309369 3
139054 2
230824 1
139052 1
199725 4
309373 2
230829 1
230818 2
215265 1
230819 1
230816 2
215267 1
230822 2
199717 9
139042 1
309367 2
199736 1
215289 1
336620 1
139071 2
139068 3
336622 4
309355 2
336623 8
139066 2
336617 6
336618 5
139064 1
336612 7
336613 1
336614 11
336608 2
336610 2
139021 1
336607 4
230793 2
230794 2
336605 4
336604 4
230797 1
230798 1
230799 2
139013 4
139012 1
139015 2
139014 1
246085 1
246087 1
139011 6
230809 1
107413 1
326795 1
230808 1
199704 1
199705 1
139032 25
139034 3
230815 1
139028 17
139029 2
230800 3
230803 2
139031 8
230802 1
230807 2
138993 42
138992 8
138995 2
309669 2
309666 2
138997 7
138996 2
107133 1
309664 4
138999 4
138998 11
200190 2
139005 15
139004 1
107125 9
245926 1
138979 3
138984 14
138985 4
200172 1
138986 14
138987 15
245928 1
138988 28
138989 3
138990 40
245917 1
245916 1
200132 1
245895 1
200128 7
309663 5
309662 3
245896 1
200139 2
200113 1
336751 31
200127 7
215395 1
215394 2
215398 2
336752 8
336753 17
215403 2
215402 2
154222 1
215406 1
215405 2
215376 1
215377 5
215379 9
309700 2
215381 2
309702 1
215383 5
336717 1
230426 1
230427 1
215385 3
336719 2
215387 1
336715 6
336724 7
336725 8
336726 7
336721 8
336722 9
309718 2
200071 4
200072 2
200073 1
215373 1
215374 3
230653 2
230655 1
309546 1
138878 1
230651 1
200054 3
200055 1
200049 1
107262 1
245805 1
245807 1
274617 1
245801 1
230632 2
230633 5
124455 1
274613 1
245797 1
230628 2
245796 1
245798 1
230631 1
200036 3
230626 2
200032 1
245790 1
230623 1
371210 8
200030 1
215454 4
138846 1
371215 5
371214 6
371213 2
371212 7
309514 1
245782 1
371203 4
138838 1
215441 1
138836 1
245776 2
274561 2
138831 1
230600 1
309524 1
371218 4
200007 1
371216 1
230597 1
230592 1
245760 5
138812 1
230587 2
138815 1
336872 6
107197 1
199984 1
138806 1
107198 1
138801 1
245865 1
245867 1
336891 4
230560 5
336886 1
230561 1
215520 1
309616 1
336885 11
230562 2
138782 1
138783 3
230559 1
230557 4
215505 3
215509 1
309592 1
199945 2
107143 1
138764 1
199949 1
199948 1
199950 1
336852 5
138758 1
199941 2
138755 3
138754 1
107144 1
199943 2
309591 1
137610 1
230153 4
230152 1
137614 1
230154 1
230149 4
230148 1
199298 1
230145 1
199296 2
230146 1
137625 1
137627 1
107794 3
107795 1
137628 2
107798 5
247771 5
247770 5
107800 13
107801 2
107802 4
107803 7
107804 4
107805 1
216685 1
276348 1
276346 1
247784 6
247782 7
247783 2
311031 5
107823 4
216675 1
247776 7
247807 1
107826 4
311020 2
107827 1
107824 1
216703 1
230202 3
230203 2
247802 9
216697 1
247801 1
230200 1
107828 8
247800 1
230201 1
230199 2
216693 1
216694 2
107839 4
336927 2
107846 2
107840 4
230223 2
107843 2
199372 1
199362 1
199361 1
107848 1
154908 1
154904 1
137689 9
137688 8
154906 1
107868 2
137685 6
199378 1
137684 14
137687 6
107871 6
230228 2
107864 2
107866 9
137683 9
247743 1
247741 1
199411 1
137473 1
137472 1
310874 4
216779 2
199190 2
199189 4
199186 1
199187 3
230300 4
230297 1
230298 1
137506 1
230318 1
230327 1
230326 1
155121 1
230324 1
155125 1
216829 1
137528 1
216704 2
230340 3
230342 1
247561 3
230345 1
137548 2
247563 1
123142 1
137545 1
216718 2
216719 1
230350 1
137547 2
247566 3
230353 1
123164 1
216723 1
123165 1
123166 2
107999 2
230357 1
247572 1
216727 10
216726 4
216725 4
230358 3
137564 1
137566 1
247578 1
137567 1
216728 1
137562 1
123154 2
137574 1
310833 3
216737 1
137573 1
216744 2
137582 1
216745 8
216749 2
137577 1
291708 1
216753 4
216755 3
247600 2
137586 1
216763 1
310828 1
216764 1
216767 2
310830 5
216924 1
247518 1
247516 1
216920 1
216921 1
247514 2
247512 2
199573 1
247510 2
199574 2
247508 2
199569 1
199571 1
216900 2
216897 2
291502 2
291503 1
311277 1
229945 1
123127 1
123128 1
247536 1
229938 1
229939 1
216936 1
311286 1
247525 1
247526 2
199589 1
123115 1
199586 1
107565 3
216930 1
123117 1
154654 1
247451 2
107607 1
311179 3
247448 3
311180 2
311181 1
107614 4
107612 1
107613 2
107610 1
199624 1
216841 1
216845 1
216835 1
199623 1
326507 1
154672 1
326521 1
230039 1
337344 5
337345 1
230036 1
230032 1
230047 2
247391 7
230045 1
230044 1
230042 1
247384 1
154818 1
247363 10
247361 5
230024 1
107705 7
107704 3
230077 1
247422 1
230079 1
230074 1
107688 1
247399 2
230049 1
247405 1
247404 1
247401 9
247400 2
247402 5
107743 8
154774 2
107741 1
107737 9
107735 1
154780 2
154759 2
230083 1
107724 3
154754 2
247303 1
311064 1
247306 1
230131 1
230135 1
311083 1
154812 1
230138 1
154809 1
230141 1
107760 1
154788 1
337335 4
107757 1
107758 2
337333 5
154791 1
337332 1
107759 1
216998 1
337331 9
311094 2
107752 2
154785 2
107753 1
337330 1
216997 1
337343 3
107748 4
107749 1
337341 1
217001 1
107744 1
337339 1
154794 1
107746 1
337337 4
337336 1
107747 3
275834 1
138158 2
310521 1
310520 1
138159 2
310523 3
198826 3
310522 2
247278 1
198828 3
198829 6
229677 1
310527 5
198830 1
229667 1
138150 1
138151 1
229666 1
138148 1
310515 3
229664 1
198819 2
310514 2
310517 2
229670 1
198822 3
310518 1
310504 2
198841 2
310506 4
198845 2
310508 3
198844 1
310509 1
198846 1
310511 1
198832 2
198835 1
123901 1
310499 2
310500 3
310502 1
198839 1
310503 2
138160 2
229643 1
310489 1
198796 3
310492 1
138114 1
138142 1
229661 1
247204 1
216124 1
216125 1
229756 1
229748 1
216119 1
247180 1
198858 1
198859 1
247175 1
198848 2
198879 1
247199 1
198877 1
198876 1
198874 3
138207 1
198872 1
198870 4
198869 2
198688 4
198697 15
198698 1
198701 4
198702 9
310369 2
229810 1
198707 13
198708 11
198709 13
198710 10
229818 1
216315 1
229817 1
216317 1
198716 14
198717 12
198718 4
216256 1
310357 1
275933 2
137995 1
138004 1
138007 1
229781 1
138000 1
138001 1
229783 2
229785 1
138012 1
229784 1
229787 1
229789 2
138009 1
247079 1
275893 1
138080 1
275892 2
216225 1
229856 1
275901 1
247085 1
108512 1
275900 1
155566 1
275898 1
275897 1
138098 1
310309 1
275879 1
310311 3
275874 1
275875 1
310304 1
310307 2
198780 4
247102 1
247100 1
229831 1
325843 1
275859 1
229826 1
138057 3
325851 1
275865 1
138061 3
275864 1
138063 4
138062 6
275846 2
310274 1
108511 2
310272 1
138072 1
310286 45
275854 1
310285 12
138076 1
275848 1
275849 1
310762 6
108084 4
108085 7
229435 1
155263 1
310766 1
108081 7
310764 16
310765 4
229424 1
229425 2
216432 2
229426 1
155248 1
229429 1
216425 1
216431 3
216429 3
199064 2
310721 1
310722 1
199048 1
199044 1
199045 2
199046 4
199047 7
229500 2
229502 2
108147 1
229496 1
310696 1
229499 1
229492 1
310694 2
229494 2
108158 5
229490 4
108159 1
108129 1
137960 1
137961 1
108128 1
229484 2
155179 1
108131 2
108130 1
108133 1
246952 1
229482 2
246955 1
155168 1
155171 1
310709 1
229479 2
246950 1
246951 2
108141 2
229472 2
199136 1
137959 2
137946 1
108112 1
229468 1
155161 1
155166 1
229462 1
229463 1
310661 2
310662 2
246933 2
229460 2
229458 1
108124 4
108125 1
108099 6
155145 1
246924 1
108103 10
229450 2
199114 1
108100 6
310677 1
199108 2
310676 1
155143 1
108110 1
310675 1
155141 1
216566 1
216569 1
229536 1
137767 1
246883 3
137761 1
216551 3
337906 2
198955 1
229545 1
198953 2
310648 1
229547 1
310649 2
198957 1
310652 1
137748 2
137746 1
229527 3
310597 2
137747 1
310599 25
310598 3
229531 1
246874 2
229529 3
246872 1
137756 1
137754 1
155355 1
229534 2
137755 1
246876 1
229532 1
108176 1
198913 1
229506 1
108174 3
229507 1
108175 1
108170 5
108171 1
137729 1
155328 1
229508 1
108168 2
155329 1
229512 5
137737 1
229516 1
137736 1
246836 2
216503 1
246838 1
337830 1
216497 1
246846 2
337832 3
155323 3
155325 1
216506 1
155327 1
216486 2
310582 13
310583 7
216487 1
310580 2
216483 2
310590 9
216492 1
310588 2
216493 1
310584 12
310585 2
310529 2
310528 3
310530 3
216477 1
310541 2
216476 1
310540 2
199005 2
216479 1
310543 1
199006 1
216478 2
216473 1
310549 1
216453 1
216454 1
310551 2
246787 2
310545 1
246785 6
246797 1
246796 1
198985 3
198984 1
