241157 1
233477 1
241163 1
220683 1
241161 1
241175 1
220187 1
294428 1
222746 1
223258 1
295455 1
233503 1
222239 1
295448 1
220189 1
294426 1
223267 1
223266 1
288295 1
223270 1
222246 1
292386 1
288300 1
295471 1
295465 1
218675 1
233522 1
200759 1
295475 1
247871 1
200767 1
247870 1
295481 1
199747 1
300612 1
300613 1
300622 1
235597 1
222298 1
233055 1
236125 1
289893 1
302182 1
296545 1
225892 1
296547 1
299124 1
299125 1
299127 1
232567 1
227957 1
299123 1
233082 1
222329 1
233086 1
288389 1
233096 1
288911 1
293524 1
225943 2
295057 1
222363 1
293533 1
236191 1
298137 1
225949 1
293530 1
223911 1
223908 1
223914 1
223917 1
295092 1
206002 1
242866 1
242865 1
301244 1
208058 1
301246 1
248511 1
242879 1
227007 1
208062 1
301242 1
206022 1
235716 1
209099 1
295119 1
248551 1
222443 1
232685 1
298219 1
209144 1
201471 1
201470 1
209148 1
209157 1
233738 1
296205 1
296206 1
235791 1
233742 1
296202 1
224531 1
290581 1
209169 1
209175 1
288017 1
235803 1
235802 1
290589 1
234783 1
290584 1
209180 1
234786 1
234790 1
209190 1
209189 1
246059 1
227113 1
209192 1
288553 1
225587 1
213811 1
208690 1
225585 1
225072 1
208688 1
213815 1
289074 1
219961 1
294200 1
209214 1
225091 1
240963 1
289092 1
289094 1
197447 1
234827 1
197450 1
209224 1
225102 1
295753 2
299851 1
219987 1
207186 1
234833 1
225105 1
234832 1
298327 1
196951 1
207188 1
234842 1
196954 1
234851 2
196963 1
296806 1
234853 1
287586 1
233835 1
209259 1
232815 1
296808 1
232814 1
209262 1
235373 1
214899 1
290164 1
294261 1
214901 1
206709 1
296828 1
296827 1
209283 1
206721 1
209287 1
296832 1
199045 1
216970 1
206729 1
209294 1
223123 1
218003 1
292756 1
216978 1
292757 1
292246 1
300944 1
300945 1
223647 1
292248 1
292761 1
292250 1
201635 1
216997 1
201636 1
217002 1
298415 1
241071 1
225199 1
295848 1
206766 1
245677 1
225207 1
298416 1
289201 1
291251 1
224187 1
290236 1
206778 1
290237 1
290239 1
224191 1
302522 1
206786 1
246721 1
224193 1
300999 1
290247 1
246724 1
245700 1
288195 1
222155 1
246729 1
222159 1
223183 1
296904 1
223182 1
222157 1
296906 1
200657 1
222167 1
245210 1
215002 1
223193 1
245209 1
226783 1
222174 1
296922 1
222179 1
222178 1
211431 1
222187 1
203755 1
235503 1
224751 1
218095 1
224748 1
211443 1
218097 1
293878 1
292855 2
241143 1
245750 1
241145 1
291326 1
235519 1
292857 1
245245 1
222205 1
292858 1
245244 1
