140800 1
112887 1
112880 2
122451 1
122467 1
202587 1
132189 1
202589 1
202591 1
202579 1
202580 1
218094 1
295195 1
130160 1
244959 1
202544 1
191430 1
191455 1
191452 1
140955 1
217858 1
191469 1
191471 1
191465 1
210356 1
130201 1
191484 2
191485 1
210369 1
132234 1
312697 1
132239 1
191408 1
132240 1
210428 1
191417 2
210431 1
191420 1
210425 1
209949 1
122705 1
191061 1
209939 2
122692 1
191050 1
122702 1
209924 1
202340 1
202341 1
202328 1
217746 1
202323 1
217744 1
209968 1
202326 1
209974 1
209972 1
217743 1
202319 1
191078 1
217728 1
209958 2
113075 1
191003 1
294921 1
190995 1
217840 1
190999 1
202279 2
191034 1
294952 1
122686 1
122656 1
113025 1
217806 1
113024 1
191016 1
113027 3
191017 1
122661 1
191010 1
202480 1
113022 2
202481 2
113021 1
113020 4
202483 1
202484 1
113018 7
202486 1
113014 1
113012 3
210076 1
217634 1
147758 1
112989 2
112988 2
217623 1
112985 1
112984 1
112980 2
112982 2
112979 3
112978 1
112972 1
112955 3
122779 1
112953 1
112952 3
217713 1
122783 1
112947 6
112946 2
112945 1
217721 1
112949 8
112948 1
112939 1
112943 1
202413 1
112928 1
112929 4
112934 2
217706 1
112921 1
202386 1
191162 1
112913 1
112915 2
112917 2
112904 5
122793 1
112905 2
122792 1
112906 1
191137 1
112907 2
217666 1
112908 11
217664 1
112902 2
272534 17
272533 4
245411 1
245409 1
132691 1
210737 1
121923 1
132719 1
272565 16
272566 8
121931 1
130613 1
210714 1
130619 1
130621 4
210706 1
210784 1
210787 1
190752 1
190753 4
236702 1
130668 1
130671 1
130664 1
190723 1
130666 2
130667 1
190751 2
202040 1
289836 1
130684 1
202033 1
130687 1
130686 1
202038 1
202037 1
113226 1
217348 1
130697 1
113224 1
217345 2
130691 2
130688 1
113242 1
113247 1
113245 1
113237 1
113260 1
113250 2
113251 1
113254 1
130737 1
130739 3
130742 2
113167 1
236544 1
113183 1
113180 1
130796 1
130794 1
202155 1
202152 1
236587 1
202159 1
202158 1
202157 1
202162 1
113210 1
113616 2
113617 3
113620 5
226042 1
210490 1
130839 1
113622 5
201816 1
113623 2
201815 1
113624 3
226036 1
226037 1
113601 5
190571 1
113600 1
113603 1
113605 3
201800 1
130822 1
113606 1
113609 2
190563 1
113608 1
113611 5
113610 1
113613 4
201792 1
113615 1
113651 2
190557 1
148415 1
113655 1
190558 1
130850 1
122178 1
113635 1
190536 1
130848 1
210446 1
113632 1
122182 1
210440 1
130852 1
122180 1
113637 3
210436 1
130858 1
113643 1
130859 1
113642 1
130856 2
130860 3
210434 1
210435 1
201747 1
113565 1
210544 2
113567 1
148435 1
122148 1
217290 1
217288 1
201743 1
201732 1
201785 1
113591 1
201789 1
217341 1
113598 3
113597 4
201769 1
113582 1
113580 1
190464 1
217110 1
217108 1
217116 1
217112 1
130945 1
190656 1
190659 1
190664 1
190667 1
130977 1
190669 1
210568 1
210570 1
130980 1
131036 1
217170 1
217169 1
190644 1
190642 1
225847 1
131032 1
201879 2
140786 1
201883 2
225849 1
201880 1
210680 1
201862 1
225834 1
140783 1
217200 1
190619 1
131057 1
201891 1
217186 1
236846 1
192258 1
219109 1
192256 1
219105 1
192270 1
289337 1
113851 1
219125 1
201535 1
236220 1
219130 3
219131 1
113803 3
121385 1
219073 1
113807 1
121391 1
113806 1
192293 1
113805 3
201485 1
192301 1
192302 1
192303 4
192305 2
121400 1
121406 2
201488 1
201490 1
113810 10
113811 1
113808 1
113814 9
219097 1
113812 4
113813 3
201570 1
219042 1
113902 1
219047 1
226759 1
113896 1
113899 1
192334 1
148655 1
226761 1
192331 1
113916 4
289376 1
192343 1
113917 2
289378 1
113913 1
113915 2
113910 1
201593 1
192347 1
201537 1
131141 1
289370 1
236233 1
192367 1
113859 1
192360 1
113857 1
289373 3
192373 1
192369 1
219030 3
219032 1
192380 1
226811 1
192395 1
236077 1
192393 2
201639 1
201637 1
209344 1
192408 1
192412 1
219001 1
192413 1
192405 2
192425 1
192427 2
209391 1
129223 1
192419 1
236036 1
192418 1
218944 1
113678 1
192441 1
192443 1
192444 1
113687 2
192445 1
192447 2
236054 1
296359 1
192435 1
129189 1
121541 2
129188 1
121542 1
121537 1
209295 1
129184 1
201710 1
218924 1
192456 1
218914 1
113781 3
218939 1
243737 1
296394 1
113780 2
113783 5
243739 1
201726 1
113779 1
209296 1
236102 1
113746 1
209329 1
218899 1
209331 1
192018 1
192023 1
208989 2
311511 1
208962 1
295955 1
236449 1
192010 1
192012 1
114072 1
114073 1
114075 1
295968 1
114064 1
209023 1
209020 1
209018 1
201222 1
208996 1
208994 1
208995 2
131334 1
114063 1
201216 1
148936 1
131340 1
192044 2
209000 1
148919 1
192084 1
148914 1
114162 1
114155 1
201319 1
218792 1
192077 1
201322 1
201299 2
192114 1
236503 1
236505 1
236506 1
201291 1
148859 2
148861 2
236344 1
236342 1
289700 1
148854 1
209101 1
148841 1
209099 1
209093 1
113963 1
209088 1
218718 1
201375 1
131482 1
201372 1
113940 1
113944 1
201367 1
113920 1
148808 1
192168 1
236296 1
148812 2
113924 1
201350 1
148802 2
148804 2
192166 2
131582 1
209051 1
148795 1
148794 1
148789 1
114016 1
209038 1
148774 1
148775 1
131556 1
192193 1
209082 1
218647 1
209079 1
218645 1
209067 1
113991 1
209070 1
209058 1
113997 1
209057 1
209056 1
209063 1
113993 1
209060 1
192224 1
209765 1
209771 2
139382 1
139378 1
139389 1
209787 1
139387 1
191750 1
191751 1
235683 1
139334 1
235685 1
209742 1
114336 3
131625 1
131644 1
131650 1
120939 1
120936 1
120942 1
131655 1
191845 1
209708 1
114373 1
209717 3
120959 1
120957 1
191867 1
120951 1
114409 1
114408 1
191811 1
209668 1
114410 1
191814 1
209667 1
114415 1
131691 1
191823 1
114424 1
191827 1
209687 1
227287 1
191826 1
139283 1
201076 1
139285 1
120925 1
191831 1
201075 1
209682 2
191830 1
209681 2
114430 1
139289 1
114418 1
139291 1
201084 1
114421 1
120997 1
121007 4
201112 1
191935 1
209915 1
209917 1
209918 1
218449 1
209866 1
209864 1
120961 1
209859 1
114223 1
139457 1
114228 1
209883 1
114236 1
209878 1
209879 1
209837 1
114240 1
209838 2
114247 2
209834 1
191969 1
139430 1
121069 1
139450 1
114267 1
288964 1
114271 1
209840 1
131798 2
288962 1
114273 2
114276 1
121033 1
191938 1
121032 1
209795 1
114289 1
191960 1
149053 1
114293 1
139420 1
288997 1
121149 1
191543 1
114589 1
121151 2
131863 1
191540 1
121150 1
114584 1
191538 1
191548 1
131870 1
121139 1
209533 1
191545 1
218311 2
191509 1
191513 1
200765 1
191514 1
9514 1
131872 1
209479 1
209468 1
209466 1
200774 1
191590 1
191591 1
200769 2
121184 1
9543 1
218292 1
200816 1
121162 1
209413 1
209415 1
209411 1
121154 1
191564 1
209417 1
149336 1
121266 1
200848 1
218193 1
218187 1
121252 1
121249 1
114434 2
129997 1
218179 1
209638 1
114483 1
121244 2
121245 1
209620 1
200887 1
191635 1
209615 1
200878 1
209600 2
191623 1
130028 1
200868 1
200916 1
209588 1
209586 1
121312 1
200897 2
121302 1
218153 1
200936 1
121291 1
121290 1
9709 1
121293 1
189394 1
189402 1
128173 1
120525 1
120523 1
297438 1
189387 2
120570 1
120568 1
189436 1
219929 1
128150 1
219931 1
143011 1
204740 2
143009 1
134320 1
120473 2
134321 2
134323 1
134324 1
134325 2
128243 1
128244 1
220005 1
128237 1
220002 1
220014 1
134317 1
128231 3
189360 1
120506 1
120507 1
189362 2
189368 3
212478 1
189371 1
120502 1
120500 3
189345 1
212449 1
212460 1
189355 1
189356 1
212232 1
128032 1
128034 1
288382 1
128031 2
189300 1
128030 2
110788 1
110796 1
120343 1
204599 1
128096 1
120320 3
120322 2
204584 1
204582 1
142969 1
128091 1
142967 1
204557 1
189225 1
120353 1
219681 1
212099 1
189120 1
204525 1
110975 14
110973 13
110971 7
110970 8
110969 7
219702 1
110967 1
110965 3
204540 1
189159 1
120815 1
204480 1
204486 1
297207 1
204491 1
189167 1
189165 1
189163 1
204495 1
128385 1
189161 1
204498 1
204507 1
120715 2
120714 1
120712 1
110894 1
110895 1
189063 1
120717 2
189065 1
204463 1
189068 1
189072 2
204464 1
110908 1
110898 1
189083 1
288683 2
110902 1
120744 1
120759 1
189004 2
189006 1
204395 1
189000 1
189002 1
204399 1
204384 1
204385 1
211993 1
204409 1
204408 1
120660 1
204413 1
211998 1
211987 1
288614 1
204406 1
212000 1
212006 1
204357 1
212027 1
189055 1
111060 1
204378 1
204383 1
189050 1
111058 1
204369 1
189044 1
134442 2
120590 1
120603 1
134451 1
134449 1
243154 1
120607 1
110977 2
188970 1
120608 1
110976 2
110979 4
120610 1
188974 1
120612 1
110981 3
110983 12
110982 3
110985 14
110984 10
110987 4
110988 5
110992 12
243198 1
110995 1
110998 1
204309 1
111003 1
111004 2
111006 3
120058 1
111195 2
212916 1
204245 1
111194 1
120056 1
111193 2
111199 3
212912 1
111198 1
212913 1
111197 19
120050 1
111185 1
212927 1
120052 1
219396 1
212900 1
212897 1
120046 1
212899 2
219394 1
120032 1
120039 1
120038 1
120036 1
111224 2
111227 1
120027 2
111229 4
120028 1
111228 1
212883 1
120030 1
287971 1
111230 2
111217 1
111216 6
287980 1
111219 4
111221 4
111208 8
111209 1
111211 6
111213 3
111215 1
111200 17
111202 14
111203 14
111205 7
297889 1
111133 1
297891 1
111131 1
212980 1
111129 1
204183 1
111126 1
204185 1
204186 1
287880 1
234499 1
287888 1
234502 1
234503 1
204167 1
234500 2
228113 1
204214 1
111153 1
111148 1
204194 1
111150 1
315223 1
111144 1
111146 1
204197 1
119946 1
111140 1
297886 1
228110 1
228111 1
228108 1
119920 1
228340 1
228341 1
297826 1
228332 1
111298 1
228330 1
297847 1
111310 1
297843 1
188760 1
188754 1
188757 1
188750 1
188749 2
188738 1
212740 1
188743 1
212851 1
111260 1
111239 3
111238 3
111236 2
287774 1
212832 1
111246 3
111244 3
111242 11
111241 1
111240 2
111284 4
212827 1
111283 1
111277 1
111276 2
128621 1
111273 2
219142 1
135109 1
305296 1
120303 1
219136 1
219150 2
135113 1
234828 1
135115 1
219146 2
135117 2
135116 2
219144 1
120312 3
135120 1
120314 1
120316 1
120318 1
188661 1
120304 1
120305 1
111466 1
120267 1
288242 1
135141 1
111468 1
188617 2
219182 1
188618 4
219183 2
188621 3
188620 1
111483 4
111481 3
111480 1
120281 1
111487 1
135159 1
111485 3
120285 1
120278 1
219215 1
219213 2
111391 1
212721 1
111381 1
212730 1
234781 1
188549 1
120207 1
120199 1
288185 1
135094 1
120218 1
135102 1
212697 1
120212 1
212701 1
129009 1
111552 1
111555 1
212520 1
203848 1
128778 1
120172 1
128786 1
111587 1
120130 5
120131 2
203887 1
120135 1
111589 1
212490 1
120138 2
120139 1
120136 1
120143 2
120147 5
135035 2
120146 3
203889 1
158125 1
111493 4
128837 1
111495 6
158127 1
111494 1
158126 1
111489 3
120096 1
111488 2
111491 3
111501 2
120108 1
120109 1
111503 4
111497 9
111499 1
111508 1
120116 1
219352 1
111510 2
120119 1
111504 2
120112 1
120125 1
120124 1
111512 1
219350 1
111527 2
203816 1
111526 5
111524 3
111522 2
111534 1
111530 3
203813 1
111528 1
111543 3
120084 2
120083 2
158106 1
111550 2
120094 1
142678 1
111548 1
111545 1
111664 1
111667 1
111669 1
111668 1
111675 1
221041 1
111648 1
221034 1
142074 1
221022 1
142076 1
203659 1
203649 1
298442 1
203768 1
298440 1
111718 1
111714 1
111724 2
111726 1
127124 1
127122 3
159350 1
220947 1
111686 1
127106 1
111681 1
190437 3
298485 1
111688 1
127097 1
111800 2
190225 1
159379 1
127101 1
111804 1
221168 1
159383 1
119313 1
190234 1
159387 1
111796 1
127092 1
111798 1
190210 1
241863 1
221166 1
203564 1
119355 1
119357 1
111762 1
111766 3
119348 1
203526 1
159392 1
127049 1
203527 1
141926 1
203522 1
203635 1
203634 1
111869 2
203633 1
111870 1
203639 1
203638 2
203637 1
203641 1
203646 1
203631 1
203628 1
203629 1
221072 1
111834 1
190308 1
221057 1
190306 1
221063 1
111815 2
221065 1
221067 1
203597 1
190314 1
190089 2
228360 1
228361 1
111911 1
190081 1
111914 1
127466 2
203428 1
203427 1
111923 1
133561 1
133554 1
190121 1
111875 2
111887 1
111891 1
111893 2
111896 1
190134 1
133610 1
190155 1
190154 2
190149 1
203488 1
190148 1
133601 1
133600 1
190170 3
119775 1
133573 1
133597 1
220697 1
133599 1
133593 1
220688 1
133585 1
189963 1
133429 1
133428 1
189985 1
189991 3
133381 1
189988 4
112015 1
242166 1
133397 1
242161 1
119615 1
133402 1
190021 3
190023 3
127271 1
220848 1
220851 1
220853 1
190045 2
220858 1
220861 1
133440 1
133452 1
190060 1
133448 1
190058 1
190059 1
190071 1
190070 1
234453 1
234455 1
234457 1
133468 1
133471 1
133465 1
234461 1
133467 2
112151 1
242299 1
242296 1
203164 2
127698 1
112159 2
189876 2
112158 2
112156 1
112155 1
112154 16
189873 1
112153 4
189874 1
189875 2
127686 2
118950 1
211949 1
118946 1
133767 1
133766 1
133765 1
112183 8
189852 1
112177 1
127728 1
112176 2
203199 1
118940 1
112189 9
233521 1
118941 1
112188 5
211920 1
112185 17
112187 1
127738 1
112186 7
112164 2
112165 2
112167 2
314205 1
112172 1
112173 1
127721 2
127723 1
112211 1
119026 1
112210 1
119024 1
112208 2
112215 2
189948 1
112214 1
112218 4
112217 1
112194 2
112192 1
112198 1
112199 1
112196 1
119019 1
112203 1
119017 1
119023 1
189913 1
127670 1
112249 1
112251 2
112253 3
242193 1
127677 1
112252 1
112254 3
233580 1
233577 1
233572 1
233573 1
211825 1
112287 4
112284 2
112282 1
203031 1
112280 2
112278 1
189756 1
112276 1
286735 1
112272 1
203038 1
189732 1
286739 1
112270 1
112269 1
203010 1
112264 1
112262 1
286746 1
189741 1
203018 1
112260 1
203020 1
112258 3
203022 1
112256 1
141397 1
211794 1
127615 2
141393 1
203062 1
286760 1
112308 1
112309 1
133695 1
112304 4
112306 1
133668 3
118796 1
133669 1
112303 1
189700 1
203046 1
133676 1
203048 1
133679 2
112294 1
112289 2
112288 2
133674 1
112291 2
112290 1
203093 1
133714 3
203092 1
118910 1
203100 1
203097 2
133698 1
242342 1
133697 1
211744 1
211745 1
298873 1
242347 1
211754 2
211733 1
211731 1
141341 2
203110 3
189762 1
189763 1
203111 1
127530 1
203108 1
203106 1
189766 1
203107 1
203105 1
211726 1
189770 1
189774 1
134029 1
202895 1
202883 1
228902 1
202886 1
134044 2
202907 1
189628 1
202905 1
189627 1
202898 1
202900 1
119175 1
141774 1
112420 1
119172 1
112418 1
112416 1
202913 1
202915 1
134050 1
112424 1
119188 1
202938 1
189586 1
134095 1
127879 1
189665 2
127888 1
127889 2
220185 1
202962 1
189641 1
189642 1
189645 1
233834 1
189644 2
119237 1
233832 1
287225 1
202983 1
189637 3
189636 1
189660 1
220210 1
220355 2
127821 1
220353 2
127812 1
133900 1
287000 1
202767 1
127837 1
127836 1
189491 1
202775 1
127833 1
127832 2
127835 2
127834 1
286983 1
202779 1
127830 2
127825 1
127854 1
202790 1
202792 1
202793 1
127847 1
189454 1
159117 2
314076 1
298525 1
127842 1
133951 1
202815 1
202820 1
220301 1
202828 1
202829 1
202826 1
202824 1
202839 2
119162 1
133975 2
159228 2
159230 1
189506 1
127784 1
127785 1
133990 1
202861 1
133998 1
202857 1
220328 1
112613 1
127803 1
127800 1
127806 1
127805 1
119123 1
127795 1
127793 1
202873 1
127798 4
195198 1
294729 1
136541 1
195199 1
294731 1
109009 1
213661 1
221425 1
195186 1
126213 2
241065 1
145196 1
108998 1
108999 4
145193 1
136521 1
213645 1
109004 2
213634 1
126220 1
109000 4
109002 3
186429 1
136572 1
109044 1
109042 1
109040 1
198256 1
213681 1
151991 1
213682 1
294756 1
213672 1
109031 1
213674 2
118596 1
109026 1
118594 2
109024 1
213678 1
195147 1
198254 1
109037 1
294774 1
213668 1
213670 1
294669 1
221375 1
195128 1
294667 1
195122 1
241141 1
136465 1
205941 1
213713 2
118561 3
213710 1
118560 1
118563 1
198154 1
186435 1
233348 1
145248 1
186434 1
136451 1
152003 2
195104 1
186438 1
118550 1
294699 1
294697 1
118554 1
118555 1
221329 1
108990 1
145226 1
186472 1
198191 1
108892 1
118781 1
213523 1
108893 2
198354 1
198353 1
108894 1
108888 2
213526 1
108889 2
198358 1
108890 1
108884 1
108886 1
108880 1
213535 1
186502 1
108879 1
108873 1
118760 1
118761 1
118762 1
108875 1
108869 1
213518 1
108867 1
213553 1
240912 1
108922 1
198388 1
186544 1
198390 1
108918 2
299209 1
198395 1
213562 1
108914 1
233342 1
294894 1
213564 1
108912 1
213566 1
294899 1
186532 1
108909 1
213538 2
294896 1
213543 1
108904 1
108903 5
213545 1
108902 1
108901 5
108900 2
108897 1
108824 3
186579 3
136592 1
108825 2
108827 1
108828 1
108829 1
213584 1
108816 2
198302 1
108817 5
108821 1
213574 1
233223 1
136581 1
108812 4
233219 1
213583 2
233228 1
213579 1
136589 1
213577 1
213620 1
108859 1
108856 1
213630 1
108854 1
186623 1
198331 1
195201 1
195202 1
108834 1
108833 1
195211 1
221193 2
221192 1
108836 1
108742 1
108750 1
108748 1
233159 1
108747 1
108759 1
299368 1
195453 1
108757 2
108767 1
108766 1
108765 1
108764 1
118394 1
118392 1
108761 1
108772 1
108773 1
118343 1
108774 4
108768 1
198511 1
118336 1
118339 1
108770 2
118349 1
108780 2
118348 2
108781 1
186658 1
108777 3
108789 1
126014 1
118304 1
195373 1
108679 1
186702 1
136193 1
136192 1
186712 1
108695 1
126036 1
108699 3
198421 2
108698 1
126040 1
108703 1
108701 3
108700 1
108704 2
108706 1
108708 4
108709 1
126055 1
126054 1
198438 2
195330 2
108718 2
108719 1
198462 1
108721 2
221599 1
108723 2
233150 1
108725 1
198458 1
108729 1
136240 1
233141 1
118302 1
195555 1
108615 1
213771 1
108610 1
213775 1
151561 1
108639 1
221553 1
221555 1
136403 1
221557 1
221558 1
108626 1
221565 1
221567 1
118468 1
108645 1
118466 1
118467 1
118493 1
198642 3
198641 4
136435 2
136447 1
198649 1
198654 1
108657 1
136443 1
108555 17
108554 1
108553 15
108552 3
118446 1
108557 2
108556 8
65476 1
108547 5
65478 1
126145 1
108551 1
65472 1
108549 10
108548 2
195505 1
108570 1
108571 1
108568 3
198545 1
118463 1
108562 1
118455 1
108566 1
186844 1
118453 1
221446 1
195456 1
294583 1
108587 1
108589 2
126188 1
299418 1
221450 1
221449 1
221462 1
118425 1
221460 1
108603 1
118431 1
221456 1
151672 1
195482 2
108594 1
118419 2
126197 2
108598 1
221465 1
197752 1
197753 5
197751 1
118110 1
126783 2
194633 1
137065 1
194637 1
118128 1
213147 1
206394 2
206392 1
118134 1
118135 1
213144 1
206390 1
206391 1
213142 1
213140 1
118141 1
118142 1
206385 1
194666 3
126725 1
126724 1
126727 1
118118 2
194658 1
186885 1
118127 1
194661 1
194590 2
194591 1
187000 2
109491 1
187002 1
109488 1
194581 1
213232 1
197682 1
186998 1
213234 1
118042 1
197686 1
118041 1
118023 2
186989 4
213225 1
213226 1
186991 2
186990 1
213228 1
109475 1
186987 1
213230 1
186981 1
118028 1
186977 1
118026 1
197671 2
118024 1
126804 1
194623 1
118064 1
118066 1
109471 1
186957 1
126785 1
186954 1
197646 1
194599 1
194596 1
213044 1
194768 1
109424 1
194779 1
126902 1
213050 1
213029 1
213025 1
213014 1
213015 2
118256 1
126869 1
118252 1
194709 1
194707 1
118168 1
213091 1
197794 1
118154 3
118152 2
118153 1
118150 1
118148 2
118146 3
194743 1
194742 1
213082 1
197770 4
213067 1
213066 2
187082 1
197774 1
294012 1
117824 1
241295 1
136813 1
197992 1
294004 3
197990 1
294005 1
109290 1
294000 1
294001 3
294002 1
197985 1
293997 1
194907 3
293999 1
247871 1
194911 1
194908 1
241301 1
241300 1
293988 1
293982 1
194925 1
109253 1
293974 1
194915 1
194917 1
293965 1
293963 1
293961 1
126490 1
194931 1
194933 2
213486 1
213484 1
213472 1
187233 1
136738 1
194846 1
197944 5
213497 1
194844 1
194842 1
247923 1
213495 1
197942 1
109184 2
109198 1
197889 1
213441 1
194852 1
194849 1
194848 1
117815 1
109205 1
117810 1
213471 2
109201 1
197918 1
109200 1
293890 1
109213 1
109211 1
109161 1
109162 1
195019 1
195022 1
232553 1
109159 2
222034 1
117973 1
117972 1
198137 1
232519 1
198080 1
213261 1
109121 1
294106 1
294105 1
109146 1
109147 1
195063 1
195064 1
195067 2
195066 3
109141 1
241219 1
152166 1
126692 1
152172 1
109095 1
187373 1
109089 1
109088 1
198067 1
109115 1
109110 1
126705 1
109104 2
109107 2
198030 2
194999 1
109084 1
126675 1
117939 1
109074 2
136858 1
222389 1
197140 1
196158 1
187485 1
285044 1
125256 1
204902 2
204900 1
117537 1
197172 1
204885 1
214775 1
204883 2
197171 1
204892 1
204893 1
110004 1
197156 1
214757 1
197153 1
197165 1
125285 1
196208 1
117613 1
204835 1
117612 1
204833 1
196197 1
110031 2
196195 1
117610 1
117605 1
197235 1
197239 1
204824 1
204826 2
197247 2
204801 1
110057 1
117575 1
110054 1
232426 1
110052 1
197229 2
117681 1
293774 1
117683 1
187603 1
187602 1
109849 1
214612 1
187600 1
196266 1
196267 1
196264 1
197260 1
187598 1
205032 2
196258 1
196256 1
196262 1
214593 1
109878 3
109882 2
109887 1
187639 1
109884 3
109857 1
187629 1
196351 1
109905 1
125337 2
125336 1
109892 3
197320 1
222318 1
109901 1
204962 1
204937 2
152876 1
204941 2
152868 1
204933 1
204934 1
117290 3
196384 1
284786 1
284784 1
109708 1
109709 1
109698 2
109699 2
196395 1
232074 1
109700 1
109701 2
117284 1
196398 1
196401 1
205180 1
284781 1
205179 1
196355 1
196353 1
109738 1
196359 2
109740 1
196363 1
284741 1
222614 1
109745 1
284749 1
215037 1
109746 1
215035 2
109749 1
205147 1
284747 1
196453 1
205091 1
214918 1
205097 1
196460 1
197448 1
197453 1
196459 1
109791 1
109790 1
222707 1
293440 1
109788 1
117362 1
293491 1
197487 1
205070 1
196425 1
300355 1
152753 1
300361 1
196443 1
196441 1
187852 1
187853 1
187854 1
196513 1
187842 3
196516 1
205280 1
187844 1
205283 1
205309 1
205311 1
205306 1
205297 1
205262 1
214889 1
135343 1
300435 1
300434 1
300433 2
117391 1
109614 1
109617 4
135355 1
109618 1
135345 2
196498 1
205269 1
300420 1
135347 1
196503 1
135349 1
152695 1
117479 1
284856 1
117474 1
197580 1
205229 3
205231 1
300529 3
205217 1
214784 1
300531 1
205219 1
205221 2
284853 1
117481 1
197595 1
197597 1
284846 1
197599 1
205233 1
109662 1
284834 1
197585 1
205235 2
109660 1
284832 1
197587 1
284833 1
109658 1
284838 1
109659 1
205236 1
197591 1
109657 1
205192 2
109670 3
187816 1
284830 1
187815 1
109679 1
197606 2
109675 1
109684 2
284811 2
205215 1
109693 2
109694 4
187827 1
109691 1
195611 1
188013 1
196649 1
196651 1
196652 1
195639 1
293123 1
293122 1
293127 1
293128 1
195640 1
293135 1
196611 3
143713 1
195619 2
143712 1
195617 2
222889 2
187979 1
125763 1
196724 1
196725 1
205334 1
110584 1
205335 1
110579 3
110582 1
110580 1
205316 1
240516 1
110568 11
195650 2
110574 1
195652 2
110563 18
110566 2
205321 1
196713 1
110567 3
110565 2
196714 1
110553 2
161267 1
214150 1
222948 1
214148 1
222946 1
110542 1
222944 1
117092 1
195741 1
293290 1
293294 1
136122 1
293293 1
196785 1
136114 1
214121 1
214125 1
196783 1
195717 1
214117 1
214119 1
222776 1
222774 1
222773 1
293279 1
136186 1
136184 1
285576 1
195807 1
196855 1
136182 1
196844 2
125858 2
125859 1
214063 1
125856 1
136175 1
196842 1
222789 1
196836 3
195778 1
195780 1
125840 1
125843 1
293326 1
125842 1
196827 2
125846 2
196821 1
125855 1
125837 1
195812 1
285264 1
196899 1
110254 1
196902 1
195855 2
110246 1
195853 1
195852 1
205650 1
116760 1
205654 1
110267 1
188281 1
125510 1
110212 1
285304 1
125509 1
292889 1
125507 2
110211 1
188235 1
316414 1
125534 1
188244 3
188245 1
205683 1
188242 1
205687 1
110231 1
196888 1
110230 1
110229 2
110228 3
188195 1
196966 1
125483 1
188199 1
214434 1
125487 1
214432 1
125473 1
196974 2
214444 1
196970 1
285209 1
205590 1
196980 1
116829 1
240281 1
223206 1
116841 1
285235 1
223201 1
292944 1
205610 1
125464 1
205616 1
285218 1
205618 1
188184 2
125458 1
125459 3
292942 1
285230 1
188186 1
223231 1
292941 1
125462 2
188188 1
292937 1
195982 1
214378 1
195983 1
214376 1
195976 1
293041 1
214374 1
293034 1
293035 1
110129 1
293024 1
195990 1
110139 1
293019 1
110087 1
110086 1
110085 2
214339 1
188352 1
196997 1
110089 1
214343 1
110088 1
285423 1
285421 1
197011 1
223026 1
196042 1
285341 1
293119 1
196044 1
285339 1
196035 1
196032 1
116943 1
293100 2
196058 1
196057 2
196056 1
196062 1
316168 1
116956 1
223057 1
223087 1
293085 1
196077 1
196065 1
285365 1
214279 1
293071 2
196095 1
293060 1
285348 1
196083 1
293056 1
193262 2
292827 1
301305 1
301310 1
301309 1
215570 1
106846 1
193269 1
223351 1
193279 1
200410 1
193276 1
200408 1
208000 1
208001 1
215588 1
208006 1
215591 1
208008 1
208012 1
200437 1
106874 1
208023 1
106872 1
208022 1
106866 67
106867 20
238876 1
200447 1
106864 50
106865 23
208103 1
215630 1
200332 1
106755 2
208106 1
106757 1
106756 2
208104 1
116664 1
116671 1
223294 1
106768 1
116659 7
200354 1
200355 1
215661 1
116634 1
223253 1
106802 1
106948 1
124167 1
106950 1
231360 1
200256 1
215685 1
207934 1
116548 1
138601 1
193093 1
223427 1
193105 1
106880 1
223405 1
193058 1
193057 1
223422 1
116532 1
246614 1
193034 1
193027 1
193029 2
193049 1
193044 1
207953 1
208288 1
208290 2
208294 1
208296 1
116452 1
215820 1
215858 1
193493 1
200695 1
200693 1
138482 1
215870 1
215868 2
200682 1
193457 1
208372 1
223539 1
200583 1
116397 1
223529 1
208336 1
193435 1
200614 1
193408 1
116342 1
106711 2
116340 2
68400 1
215967 1
106719 2
106718 1
106717 2
200530 2
106713 1
215944 1
208161 1
215940 1
215942 1
208166 1
193378 1
193375 1
106737 1
193366 3
193364 1
106751 2
193365 1
106747 1
193361 1
106725 1
106726 3
193357 1
116295 1
193356 1
106720 2
106722 1
215980 1
215970 1
193348 1
106728 12
215974 1
193346 1
106730 14
215972 1
193344 1
116273 2
193328 1
208244 1
116282 1
208242 1
123971 1
193321 1
193323 1
116257 1
193325 1
193326 1
193306 1
193305 2
200506 1
193298 1
200503 1
116225 1
200495 1
208207 1
193282 2
208195 1
193285 2
107371 2
107369 1
107368 1
139238 1
107375 1
199905 1
107373 1
215084 1
215081 1
107366 1
107379 2
215101 1
192728 1
192730 1
107382 2
107383 1
107380 1
107341 2
107329 4
199886 1
107328 1
107331 3
107332 1
116217 1
215062 1
107355 1
107358 1
116222 1
223870 1
223868 1
215064 1
107311 1
107310 3
107306 12
107305 5
107304 2
107302 1
139183 1
107299 2
107298 2
107297 1
107296 1
301702 1
107319 5
107316 2
107315 1
116113 2
107279 1
107273 1
139137 1
107272 2
107292 1
162102 1
107295 1
107288 4
199831 2
199829 1
192703 1
107283 1
208392 1
116044 1
116050 1
107506 1
107505 1
116058 1
116060 1
116065 3
107457 2
116064 2
208429 1
107462 1
192610 1
116075 2
192612 1
208416 1
199771 1
116087 1
199766 1
116088 1
116089 1
208457 1
107431 1
107428 1
246120 2
107429 5
107426 1
208461 1
107439 2
208451 2
107436 2
208450 1
107434 4
208453 1
246118 2
107433 1
107447 3
223897 1
223899 1
107444 5
208476 1
107441 1
208464 1
208466 1
107449 1
208490 1
208488 1
246093 1
223917 1
107405 1
107406 1
116008 1
223926 1
223925 1
107133 6
107134 3
200176 1
200190 1
107104 1
224077 1
192969 2
302040 1
193011 1
215319 1
208817 1
193012 2
115955 1
115953 1
115950 1
200142 1
115942 1
208808 1
208809 1
208810 1
200127 1
115842 1
124637 1
224054 1
200087 2
224055 1
200086 2
200089 1
192957 1
115792 1
192859 1
215486 1
239263 1
200038 1
200036 1
107219 1
284204 1
115831 2
200020 1
107225 1
107184 1
115713 1
138789 1
192828 1
107157 1
199952 1
107143 1
199947 1
199946 1
199948 1
107137 1
215488 2
199941 1
115754 1
137610 1
115624 1
199296 2
107794 1
107795 1
137628 2
199313 1
107811 1
137642 1
107810 1
237902 1
216682 1
216676 1
115592 1
216679 1
216678 1
107822 1
199330 1
216675 1
317513 1
107830 1
194205 1
216694 1
216587 1
302330 1
207016 1
302329 1
107843 1
317490 1
107861 1
115703 1
137695 1
137689 1
107856 1
194298 1
107857 2
107858 2
115709 1
137684 1
137687 2
115705 1
199381 1
137683 1
216632 1
194270 1
194265 2
194261 1
115678 1
107900 2
115677 1
194262 1
115675 1
107898 3
107896 1
194082 1
115499 1
194080 1
194087 1
194090 1
199182 1
194089 1
115495 1
216777 1
115504 1
137497 1
115507 1
194049 1
115467 1
194050 1
206927 2
194061 1
107941 1
115482 1
115480 1
199216 1
115474 1
107955 1
194073 2
199229 1
216711 1
194158 2
107998 1
216727 2
123160 1
216726 1
199258 1
199263 1
199260 1
199266 2
206853 2
108002 2
108000 1
108031 1
108029 2
206875 1
207357 1
107536 5
107543 2
207352 1
207355 2
123098 1
115384 2
317793 1
107550 2
107551 2
115389 1
107523 1
107525 1
107531 1
107535 1
107534 6
107532 1
194451 1
302468 1
107553 1
107555 1
302491 2
107559 1
107615 1
207283 1
224619 2
107588 2
194532 1
194530 1
107638 1
115409 1
107632 1
107634 1
194515 1
302534 1
194514 1
207242 1
199658 1
194506 1
199660 1
137444 1
199650 1
194502 2
194500 1
199648 1
194498 1
115402 1
115257 1
107666 1
207229 1
107665 1
107669 1
107662 10
107663 1
107660 8
107661 1
199435 1
107706 1
194331 1
194328 1
194329 1
107703 2
194332 2
107702 1
107688 3
107689 6
199461 1
107690 1
199459 1
207177 1
199504 1
115322 2
194417 2
137296 1
107733 1
107731 1
107724 2
107725 2
115305 1
199494 1
137295 1
194409 1
194408 2
199502 1
107775 1
107774 1
217015 1
194398 1
291432 1
194396 2
194394 1
207104 1
107749 1
108327 5
108325 4
108323 7
163082 1
108321 8
108320 1
229676 1
229667 1
108335 3
229666 1
108333 3
108332 1
229664 2
216165 1
108331 1
229670 1
108330 1
108329 1
108328 2
198841 1
216185 1
207569 1
216139 1
108295 7
229645 1
108297 6
108299 6
229658 1
207615 1
108304 3
108306 1
216146 1
108316 3
229650 1
216144 1
108319 1
229652 1
108313 1
229654 1
207605 1
193738 1
163151 1
193742 1
193745 1
193747 1
193749 1
229701 1
216069 1
193760 1
229697 1
193766 1
229696 1
229699 1
115185 1
207543 1
198869 1
207541 1
138023 1
198689 1
229792 1
138016 1
138026 1
138025 1
138024 1
198702 1
198707 2
198709 1
207446 1
198718 1
283504 1
283506 1
137997 1
137996 2
137999 3
138004 2
207474 1
138005 1
115006 1
138000 1
198678 1
138001 1
138012 1
198683 1
138013 2
138009 1
229862 1
115019 1
207364 1
138080 3
207361 1
193607 1
198764 1
108512 5
108513 1
138094 1
207382 1
198768 1
207388 1
138104 1
138105 1
198727 1
198726 1
207400 1
138066 1
138069 1
108508 1
108081 1
199090 1
216432 1
137904 1
216429 1
108066 1
108077 1
108048 1
193969 1
193970 1
108039 1
193964 1
108038 1
193966 1
193962 2
199042 1
108042 4
108041 1
216383 1
137969 1
137968 1
137970 1
137960 1
199146 1
137967 1
137959 2
108114 2
194043 1
137945 1
194042 1
194047 2
194046 1
108117 1
108120 1
310663 1
216321 1
216567 1
216570 1
225178 1
225180 1
198951 1
216551 1
198956 1
145534 1
137732 1
114728 1
193878 1
108284 1
108273 1
108272 1
108275 1
193880 1
108274 1
108279 2
108278 1
108264 1
108266 1
216484 1
108268 2
310579 1
108269 1
108270 7
108260 1
229609 1
193904 1
108251 1
193906 2
193907 2
225276 1
216473 1
108234 2
193889 1
108235 1
108238 1
108236 1
